80618596236
80597345859
80593521361
80605002405
80612145409
80597787415
80612673900
80606188209
80593762672
80593463358
80614054323
80621578089
80593607556
80585161412
80600823432
80591894232
80598256377
80590597538
80600981263
80598419693
80601412108
80609804609
80593502305
80591910925
80594370024
80594059186
80590248314
80599597477
80600861804
80604585192
80609159524
80618768731
80609248111
80582748351
80590399840
80612587421
80580621039
80624240056
80584732540
80607744559
80590358496
80598568950
80590921855
80599325265
80600629823
80597664918
80612883084
80612517420
80593532551
80608770881
80615361722
80597236553
80602861928
80615379570
80607770638
80601270222
80606634841
80600495700
80600015489
80605383958
80595197635
80611732904
80603639745
80599967033
80615718274
80615816423
80606490526
80596614743
80593567484
80606111009
80619654925
80588517825
80598209051
80603381534
80604421906
80605302708
80628983387
80589123392
80600014119
80602872437
80625793060
80597749437
80610122956
80624672002
80619713102
80588459043
80625789067
80616062549
80610866543
80615185137
80614131896
80592657660
80586834487
80624307694
80625513763
80601166305
80607809716
80616042439
80606771035
80611285444
80610190609
