1607003826
1604319964
1605658155
1609746289
1603186938
1606384903
1603426203
1605635198
1606219480
1603093831
1605150822
1605514398
1607703534
1606164072
1604508285
1609141436
1605367361
1603871805
1603710910
1607628115
1604334813
1606614330
1608021815
1604988534
1605352386
1605343095
1606510314
1606300430
1606279117
1602467089
1607467966
1603213494
1607644477
1603959313
1603615252
1603967221
1605973802
1605685594
1602970986
1607808275
1604247465
1609283984
1605041478
1605322136
1607085171
1605066605
1605428078
1603593902
1606043762
1605209121
1606949935
1601574100
1603768818
1606309953
1604310629
1603367578
1605898308
1604609400
1600518542
1605347736
1604541108
1605990104
1602407947
1606197919
1604231398
1606168543
1602633531
1607209838
1602850149
1605890500
1605375388
1605672625
1604765493
1602980004
1608052588
1601142471
1605952484
1602719080
1608332459
1601907126
1606147560
1609017833
1607546576
1601514457
1602644870
1607184525
1601934575
1604788933
1607660034
1605085566
1604807405
1604551026
1606811728
1605795175
1605909995
1606736951
1603122400
1602027318
1607139083
1605383036
1604373074
