128930455
129575383
129368364
129091610
128921559
128361621
130063804
130056458
129377155
128711271
129320909
129628072
129248450
129646445
128922292
128833517
128144313
129274109
129244898
128548182
129420405
128519571
129308604
128875223
128453532
129687946
129145552
129696652
128996492
129399604
128479072
129734717
128744420
127918682
129241393
128376348
128720589
128925494
129265975
128862370
128641529
128621580
129679178
129041352
128697143
129651264
129332237
129573355
129121115
128978883
128829428
129368729
129672797
129002292
129098059
128225960
128984693
129932277
128009356
128369685
129434427
128824675
128016859
128226083
128489904
129290302
129145183
129735350
129579302
128884756
129542333
128473774
129425369
129081883
128696795
129852999
128922702
128744444
129095372
128536743
129084559
128942355
129190472
128235308
128250046
128878649
128800959
129889877
129134197
128994680
129446513
128883205
129188002
129210676
129738232
129886571
128803350
128356255
129826313
129563419
129700570
129156854
128655302
130068772
129328130
129199274
129285317
129951541
129714676
128143916
130217361
129308815
129527595
129340058
128110602
128327813
130002817
128849998
127667197
128734478
129381981
128528049
128603201
128975825
129619808
128766576
128182206
128835023
128910721
128608758
128759213
130090958
128770128
128918249
129425218
129081094
129167477
129321146
128713753
129458023
128649002
129230415
129609033
128621099
129269920
129318877
129203642
129323245
129226494
129418317
129381729
130235308
128901994
129003534
129936005
129381947
129151524
129555270
129873116
128461851
128951964
129924463
128745084
129086976
129075615
128689124
129573191
129502202
129528859
128341587
128769406
128268570
129252580
129515216
129570639
129972941
128753897
129743872
129201092
129254609
129979364
129499545
129623436
128991140
128295698
129175645
128493691
130123751
129196361
129312384
129439059
128613504
128909546
129166167
129157214
129571258
129481188
129761771
129384480
129969717
129834993
130153556
129213314
129709845
128767644
129359713
128935759
129066079
129134165
129503565
129855956
129129917
129112270
129052476
129373824
129606922
129352986
128836314
129888938
129252614
129383715
129472432
128811605
130052264
129567313
129405677
129545227
128776450
128829926
129254231
129159966
129045401
129390866
128346527
128441988
128745478
130031187
129201261
129560146
129147441
129485126
129421594
129280346
129584149
129405899
129069082
129379503
128639625
129457468
129072041
129346075
129696895
129966667
128456826
129163996
128576970
129273779
129347672
129279471
129400422
129629661
129535062
129791372
129528910
129312144
129330842
128769276
129285251
129383796
129485944
129912635
129963572
129425286
129651111
129412790
129690569
129345357
128813922
129020857
129619935
128839142
129932623
129559581
128584028
128958138
129341274
129285387
129052699
129658705
129608493
129867078
129891725
129837443
129488030
129184705
129561372
130244258
129966011
129392413
128973610
129479878
129529482
128683134
130065364
129126789
129051927
128671964
129795862
128802533
128898335
129560048
129170883
128897851
129432628
128959231
129475966
129577071
129072895
129067194
129591202
129412287
128657060
128893263
129431985
129404053
129542577
129333896
129272828
128654810
129243406
129089611
128276184
128955281
128907608
129844141
128796623
129199253
129280779
129326234
128730129
129366191
129352315
129485596
129446117
129268983
129689361
129730999
129626443
129326658
128993107
129178656
129568661
128805737
129117139
129494120
128879027
130229930
129632225
128968216
128439905
129320409
129641203
129508053
129152396
129236581
129028732
129679715
129491512
128975510
129603586
129432872
129573652
129744580
128817421
129078745
129489536
129606592
129320468
129463316
129741009
129371774
130536568
129028634
128752975
129207822
129466263
128918451
129152586
129222371
128813357
129415221
129929482
129562804
128943035
128985604
129013877
128642098
129339555
129876539
128733132
129610618
129152771
129511773
129962301
128965619
128385091
129007822
129272074
129344932
129189207
128297551
129085137
129413382
129474316
129330090
130107923
128458705
129057412
128828519
129711580
128713362
129137031
129650790
130367024
129662308
128934767
128425298
129498610
130114757
129681523
129163980
129568370
128174227
128704179
128827820
128684332
128477154
128957460
128555085
129884830
129078955
129334479
128751709
128631337
128471453
128710502
128934349
128681553
129518067
128986285
129582478
128787158
129663044
128565906
129624362
129475408
128694042
129448071
130134836
128582217
129104418
129151452
128865522
129548787
129177164
129718706
129543825
128781348
129009783
129428643
129235494
128474801
129046922
129232692
129577962
128839062
128056091
128763941
129332963
128534677
128704244
128190648
129351552
127998602
128573287
129324020
128793826
128948358
129471152
129259281
129125501
128092074
128959476
130019303
130085793
130026583
129336174
129341838
130045607
129056085
129459631
128405069
128192820
129190202
128554489
130014747
128571997
128974164
128929949
129175092
128706878
129783151
128849463
128901088
129335970
128868485
128777409
130301013
128643504
129117244
129045793
129094680
128899594
129440276
129213820
128684889
129356144
128466600
129334700
128673514
129885532
129956807
128957847
129085191
129030575
130415583
129698360
129550902
129857753
129653572
129633763
129496630
129166145
128988306
129975058
129830379
129950271
129301564
128750327
129756809
128841797
129136703
129602845
129433541
129006096
128308371
128917797
128964321
128696250
129165125
129049702
129204510
129256575
129053779
129864836
128136264
129003961
129486384
128571882
129429629
129233457
128674195
129652490
129231384
128882485
129250360
130019284
129163706
129525266
129243571
129218160
129005183
128754281
129724399
129035992
128911931
128323949
128477555
130124466
128794127
129242023
128560763
129315374
130254293
129252109
128973890
128131114
128028665
129120788
129232736
129213803
129382859
129026403
129630022
128866859
129239627
129432835
129932019
129160881
129180780
128782335
129442309
128868395
129260878
129092725
128904344
129494466
129404379
129727681
128626536
128577309
129178650
128957553
129422512
129145858
129086061
128949427
128219981
130089247
128938916
128327174
129073239
128788276
129051358
129306543
129083753
128581430
128854775
129302282
129591074
129548712
129168186
129416707
128653486
128451464
128711185
129286326
129551204
129089646
128975074
128746480
128949607
128419459
129261283
129246771
128832534
128911192
129222175
129014125
128846958
128721507
129354206
128788463
129646736
128822398
129370032
128747266
129194575
127996375
128754636
129299561
129033531
128925866
128698818
128971014
128821481
129539293
129084479
129306148
128875761
128765602
128942238
129521716
129114468
129289920
129866936
128444961
129908507
129041055
129405347
129269176
128484739
129256772
128686135
128611067
128235016
129410515
128839987
128708073
128528042
129476314
127979198
128847528
129012850
128523991
128964977
127983908
128079695
128569274
129056263
128761211
128657219
128729492
129183750
128378385
128585522
128349654
128843207
128545139
130313956
129206624
128983626
128398835
128530808
128943563
129490170
128979119
129267970
129803448
128866644
129640710
128789684
129250028
129072793
128924490
128577751
128824554
128675587
128355327
128139067
128445185
129266834
128624763
129013033
128800412
129558394
129483027
128146963
128961452
129129739
127782424
128719244
128674578
128271371
129421730
129414498
128554367
129300946
128941011
128937964
129127037
128758864
129246568
127930446
128409023
128882292
128418306
128914933
128522164
129274915
128792127
128638319
129154842
129003117
128624431
128637930
128761647
129371460
129173145
127989630
128731669
128985988
128722809
128965109
129410059
129606389
128441924
129616650
129027189
128204401
128525860
128292732
129238575
128709324
128843371
128789145
129098610
128923347
130141919
129941338
129156061
127746314
129681405
128370024
129211498
128400507
128855386
128699078
128823787
128704315
128554957
129163666
128836344
129974098
128378214
128743730
128641482
128857622
129487816
128734998
128204362
129588182
128797887
129223308
129265709
128946670
128463516
128427061
128784062
128821444
128037789
129756807
128796302
129186228
128226059
129976691
129141744
129192620
128239798
129791886
128342822
129905563
129864936
128337173
128402828
129906000
129146569
128644298
129721499
129081668
129353908
129208523
128802274
128254373
129534482
128527124
128883611
128425934
129693274
129481189
128400832
128712821
128733346
128802579
128346466
128442288
129105567
128777131
128522476
129076693
129270724
129948992
129090255
128876552
128786740
129539687
128131659
129473747
129831662
128777262
128615786
129431826
128421623
128700490
128857029
128638581
129497193
129180219
129255747
129280749
129180485
128540272
129151544
129459656
128461796
128997386
128976370
128433010
128506753
129277252
129484657
129953465
129831386
129056507
129544977
129392916
128672969
129796126
129435505
130041839
128294762
128465996
129268042
129404845
128989899
128292005
129849780
129127610
129644146
128642101
129290887
128734871
129016201
128458071
129354948
129320456
129842602
128968062
127703463
129645364
128749169
128923712
128816812
128986570
129447207
130191332
129796823
129203991
129178328
129427207
129665026
128850900
129169307
129653218
128886201
128944762
129099513
129291721
129556551
128942460
129360882
129809814
129363349
128826024
129799005
128758694
129498547
129395458
128870044
129048713
129086388
129610733
128572339
128430727
129581543
128821435
128583681
128857422
129401412
129258737
129269213
128703556
129534148
129287011
129109967
128736419
129311668
129197140
129037892
128536770
129089362
129494327
129597558
128407467
129948379
128741374
129269124
129641587
128749617
129280173
128867871
128768535
128831895
128828746
129173103
128550933
129245450
129329351
129393707
128620857
128167882
130392702
129482806
128514781
129397332
128910637
128580799
129068577
129263444
129509789
129106859
129256696
128790493
128873263
129604754
129586010
129383926
129928714
128935527
128557442
129362540
129553421
128241089
129248914
128642128
128909423
128235214
128979837
129452627
129060163
129131670
129215455
128434912
128837474
129227932
129704868
128720009
129358599
129659990
129106774
128856612
129074944
129739521
128390843
129384364
128496083
128843876
128788261
129973996
130052872
128812829
129041373
129817592
129106213
129342962
129400781
129313150
128788489
129428765
129289072
128592334
128968652
129654289
128834847
129777584
129919194
129229690
130797341
129172401
129743693
128646790
128635578
129396210
129651551
128519074
129371172
129814391
129451908
129648768
128513041
130126777
128929655
129094954
128557754
128753094
129323380
128819899
128930773
128732204
129316664
129011435
129612876
129124139
129070517
128883456
129361528
129414207
129046050
129062297
130033684
128371289
129108550
129489614
129895241
129517301
129109481
129641113
128551306
128721915
128639585
129533224
128954822
128451225
128123126
128977391
128389487
129028323
129649744
128372750
128983096
128485689
129429595
129775507
129890835
129635688
130230901
129483167
129166774
130662587
128873284
129414685
129155008
129019767
129989003
129400597
129939232
129402162
129733142
128672220
128755711
129226961
128604530
129412193
129322844
127993033
129195365
128350546
129453634
129958619
129948838
128771244
128727875
129569802
129793328
129002150
129538255
130041274
128683238
128927047
128701569
128271235
128672622
129001787
128618980
128884820
129123834
128407058
129408559
128790534
129703782
129089734
129266505
129393834
129337828
128800388
128211394
129698094
129002795
129679683
128975283
129660531
128838090
129277671
129338661
130142841
129472169
128645795
129202669
130147711
129135027
129487569
129247691
128684984
129230008
129881878
129400623
130097647
129119540
130206158
130129477
129083063
129056020
129727693
129252656
129442984
129718886
129357805
127989305
128867357
128772512
129812065
129279565
129401952
129245593
129237310
129295380
128814318
129063886
129678586
129249270
128934502
129934368
130328306
129831586
130595958
129866416
129341857
129748700
129701015
128854546
129099125
129137071
129129980
129342641
129467773
128606560
129099739
129049767
129672032
129129837
130211720
130313002
128884902
129600313
129362011
129398118
129533533
129025635
130501773
130257654
128384523
129969724
129093774
129085484
129309677
130232904
129096849
129438549
129253529
129248132
129051940
129141874
128967897
129764994
128784096
129691159
129763955
129245542
129268198
129396610
128932717
129944877
129655465
130319529
130001003
129215666
130007871
130253639
129714426
128736580
129116187
129584210
129121605
128635353
129151362
129948687
129986951
128768288
129369943
129998622
129832473
129565197
129186363
128731460
129178727
128684929
130027365
128645681
129293358
130014973
130227977
129062815
128812119
129496736
129477082
128955038
129792092
129439380
129451656
129288219
128557459
128677939
129190892
129118782
129461124
129303879
129749522
129160948
129836568
129181233
129004208
129517731
129688000
130039826
129392744
129083688
129933101
129942622
129553118
129157092
129689814
129242139
128610261
128736365
129511304
129429005
129476863
129879885
129108822
129355210
128755388
129532988
129039512
128972868
128954696
130349239
129022582
129249264
129820817
129222513
129788782
129222172
128754959
129198090
129505600
129187717
129760080
128831613
129272032
129493883
130133896
129488162
129269592
128992556
129645591
128884718
129737892
128364150
129342112
129761444
128880115
129058562
129721345
129382899
129338431
129901376
129567919
129540375
129313267
129824857
129941880
129284308
129587940
128754702
128928989
128844679
129007384
129221496
128966143
129316389
129691110
129537554
130165247
130233758
128650338
129860995
129351283
129546796
129499393
129216927
129766529
129010725
128951622
129796593
130131727
129944709
129828995
129300956
128857448
130235456
128736759
128390329
129233478
129029938
129835929
129529164
129478036
129497723
129274739
129615356
129999437
129507413
129423352
128719526
128852906
130038552
128816116
129491812
129206745
129127575
129467538
129226561
129676232
129630659
128865536
129393313
129949839
129701198
128682982
129646302
129793143
129801467
130358496
129550369
129673865
130084198
129681014
128169825
129092033
129235925
129943057
129271203
129592961
128861222
128819136
129619243
128914303
129188629
129017349
129693794
129251340
128674404
130602547
129659841
129152570
129413935
130094484
129917039
129131207
129537925
129815961
129227477
129811595
129033672
129376764
128916807
128494566
129021467
129982592
128992474
129998506
130435623
129394639
128851985
129975212
129120301
129257151
129102474
129185962
129569517
129062542
129510366
130156058
129807326
128662124
128899049
129088293
128679910
128679707
129361147
129546566
129121203
129683490
129772958
129213188
128745475
129386137
128415523
129011261
129102613
129825632
130025393
129692844
128263483
129599693
129161504
129747655
129130012
130020405
130620455
129319297
129326154
130110587
129470960
129554304
129561189
129122234
129542629
128799389
128684270
129507833
128775884
129784284
129240314
129503768
128557246
128706913
129542801
128874494
129026371
128542338
129488838
129111756
129601699
128853937
129794995
129667710
128863293
128941301
128834874
129363837
129314071
128948268
129901463
129341834
129575036
129081282
128949858
129181538
128816717
130382833
129446290
130064912
129491713
129003000
129486317
129200481
130225561
128955216
129180338
129717070
129018403
129029025
129683978
130095240
129689576
129128032
128953401
129486649
129339171
129250867
128974814
129280444
129572670
129344953
129080825
129476773
129687667
128876770
129454705
128475014
129564564
129587769
129067507
129630661
129408701
130089474
129966738
130184180
129093188
128834157
129853877
129895371
129178539
129782245
129251377
129244230
128586957
128624053
129354964
128550982
129116715
129434050
130074879
129335657
129060279
129755098
129115280
128456591
129822186
129074278
128482902
129707346
129545634
129346815
128573115
129837557
129392432
129358266
129223762
129168486
130048795
129628090
128924713
129748369
128795831
129794408
129066946
128393943
129399181
128668645
129208828
129821258
129426278
128756858
128901332
129566725
129035568
129208687
129467316
129519251
129695022
129457274
129638694
128939480
129810897
129303090
129453007
129369716
129769759
129555192
129637909
130081698
129578827
128531482
128762831
129590658
129751570
129172397
129927309
128703742
128492803
129409560
129428111
129178296
129545078
128441228
129742434
128776417
129592609
129429419
128805883
129774539
129628949
129560531
129455091
130188739
129643777
129710416
129175122
129356166
129435243
129382452
129040426
130203189
129757584
129620855
129158600
128916016
130181204
129445654
129025641
128986699
129858639
128950477
129156248
129339125
129571773
129441434
128979276
129797360
129827619
128632051
130118471
129372615
129536616
129021259
128728593
128929930
129843187
129813520
130375505
129553862
129195972
128905776
129221829
130073593
128635519
128460836
129768538
129319571
128609922
129591861
128684174
129750907
129218966
129977292
128653528
128728743
129106941
128716616
130074664
129058306
128933968
128611833
128560440
129283506
129543703
129471045
129218047
129036849
129058706
129592566
129556818
129099261
129476092
129456774
129726459
128118359
129485576
129245052
129012707
129385443
129965251
129226194
129326049
128979362
130097533
128630774
129569346
129115463
129438462
129174178
130193752
128817824
129017932
129602991
130227420
128232032
129625679
130563029
129211270
128783740
130423254
128637073
128485491
128842341
129599877
128866541
129436496
129516720
129291133
129466947
129701696
129827219
128628606
128863492
129854246
129094592
128935442
128900858
128725049
129625981
129124419
129199376
129720772
129519643
128512892
128530770
129828630
129616559
128884352
129128210
129388841
129363066
128831951
129403472
130038364
129126100
129482543
130298670
129821782
129268218
129211742
129151859
129255646
130035742
129128633
129610465
129648245
129610277
128903165
128914922
129139461
129409984
130086565
129845765
129236477
129412896
128606317
129130177
129409918
129530795
129920588
128438189
128956445
128942928
129351766
129624080
128704298
129366803
130503549
129432043
129194090
129843968
129932048
129562711
128913389
128815820
129231158
129310186
129195726
130464024
129716305
129533463
128722062
129493390
128982383
129475890
129385946
129449293
129766242
128692400
130682616
128641054
129142151
129687061
129362152
130144280
129827785
128585783
129031674
129049350
129428329
129904770
130288306
129277860
129119880
129053651
128909109
128982525
129413220
130045552
129083989
129428128
128677345
128697961
128990399
129960283
129180710
129983433
129755423
129356078
128500358
128755295
129215560
130213400
128795085
129282355
128997461
128309220
128412650
129513661
129141445
128709588
129531573
129717180
128927054
129280737
129316255
128821850
129376480
128520621
129967897
129430817
128103370
130226072
128484521
129531146
129659538
129085343
128703120
128552577
128998896
128880518
129341134
128652978
129169739
128971279
129609976
129796467
129420977
129174983
129235504
130548007
129214427
128885688
129386273
129717231
130111672
128311792
129559286
128987409
129377182
129903748
128862062
129468290
129530127
128992453
130032474
128970971
129308078
128987547
129416997
128942070
129161057
129189761
129359297
129819249
130019612
128812243
129114655
129725956
129502517
129144422
128908772
129094045
128653586
129386914
129619016
130145519
129228283
128801858
129322304
128914714
129571139
129521203
129519376
128698563
129306956
128975223
128829145
129344229
129025363
129609211
128699019
129502785
129282981
129525138
128714127
129850322
