16092133257
16096993260
16096552050
16095060172
16098363374
16090553665
16104894881
16095186331
16096905888
16092916544
16101147065
16098893042
16097181486
16103538227
16099200160
16088821088
16092863809
16101635627
16099856683
16104755490
16091871298
16097949806
16092085969
16097057314
16100693392
16103925431
16095033723
16090788218
16098191991
16102677743
16095590591
16101461837
16096192636
16088034762
16099960457
16103033796
16103141620
16095296632
16101570708
16100663658
16108282772
16102759396
16099361161
16103537839
16101012764
16102298444
16100751291
16092881416
16088026742
16093966304
16098541780
16106307179
16096719351
16094881673
16102419983
16095788441
16098120436
16092725693
16087323612
16091982166
16106892669
16096114619
16095203235
16091738796
16099694767
16098844741
16104208331
16098513039
16098190371
16101131269
16092021130
16095596203
16107959165
16098096670
16101110311
16099392183
16091849949
16101086967
16103326078
16102426460
16103847513
16093660627
16096309066
16098124235
16093477947
16107573399
16097285756
16099052433
16101827608
16092126041
16116013632
16102883055
16097577638
16102584096
16098950263
16100155185
16100583097
16098093428
16100226499
16095842452
16092038144
16096360821
16096427548
16103891602
16104492889
16098699874
16105460124
16097345358
16092860435
16097150921
16101938814
16103917675
16085295243
16105750092
16103729236
16091616702
16092793104
16100860646
16098664613
16086625863
16096706143
16091812132
16096304830
16089301811
16092858231
16093361115
16096328154
16098253017
16105576452
16093750926
16102193974
16103790230
16099846112
16092653624
16100546345
16111192235
16093450666
16096950518
16099317135
16100969962
16096033950
16096229380
16099459150
16104403063
16094867257
16095464008
16093771097
16097757198
16104898988
16089792928
16106164720
16092338484
16103659443
16095750703
16090373914
16095167191
16091074058
16093983749
16098052861
16096565499
16094217721
16095913953
16096294255
16093326836
16102776849
16094936130
16097550775
16105181651
16100817733
16107675345
16096133595
16101492388
16100163443
16088811030
16105588495
16100346592
16097004720
16103406985
16100579246
16096667170
16105203342
16104031203
16098329199
16106387205
16101529187
16101021038
16095650715
16097398022
16094846547
16090065172
16093835583
16096197885
16104955086
16099990605
16090153808
16102416423
16101733095
16090567788
16088514204
16094077674
16095178255
16090859355
16103330568
16097534022
16094614873
16097736847
16103304503
16115234513
16095617327
16104403345
16105329310
16100430840
16097894570
16098236852
16094638046
16110829948
16108812349
16095006033
16103178493
16099489666
16097599339
16087289210
16100951148
16100662131
16101821916
16092111539
16100002378
16102941614
16102190220
16098893205
16097088701
16095420286
16099280296
16093974932
16099677163
16099862881
16096522519
16104007580
16090503238
16101996295
16101234390
16098014222
16110056779
16091152969
16090218102
16092147155
16097656018
16103814064
16094891017
16098367247
16091889742
16098244058
16096479932
16086857389
16091750461
16093742387
16095436255
16090929579
16091219144
16104964200
16100003135
16101152518
16099041567
16109708289
16097211193
16088156107
16100138128
16097239949
16095904529
16093782356
16095111920
16099631535
16097414743
16094990445
16098596357
16110455504
16108457819
16097990567
16092295001
16092492941
16102771386
16096582061
16094568843
16093583560
16095623465
16096111342
16096854639
16092684460
16100423077
16087624087
16093927523
16098181226
16095529353
16099400776
16104364772
16098186729
16093386490
16094722362
16103800645
16097419509
16095726741
16100066484
16102431657
16093825281
16097056408
16091845127
16087925065
16104271036
16097367473
16102972424
16101262974
16101741411
16090577076
16095334988
16098625519
16107393840
16093151357
16101160348
16096359824
16096462536
16093533794
16107407020
16094090062
16102269252
16098895134
16103801764
16086188941
16106506890
16091925162
16100031566
16104742179
16104942709
16092421361
16094098346
16104205402
16088709282
16095719254
16093262624
16104062367
16100230462
16096531347
16096600398
16088288099
16091882949
16095196703
16092502177
16096795127
16093545214
16096460992
16102568709
16097784651
16091002156
16083782783
16113100644
16096930823
16097212684
16103783986
16094309178
16102769271
16095915395
16100241878
16119288792
16107157325
16101426563
16100890203
16099322642
16090615249
16096041833
16087325145
16098498360
16088886304
16097471935
16100287224
16099868219
16090813042
16096802199
16092347034
16088559712
16097385590
16094808294
16096709136
16108842475
16100346343
16096192535
16100957515
16093902600
16091656605
16095360440
16092767878
16105542021
16102346769
16094317451
16099728735
16096485026
16097716617
16107314576
16096765978
16101993537
16099748034
16089431000
16103100761
16100633065
16092960228
16094248569
16093896814
16101973002
16095316225
16094442093
16101229242
16096467288
16102884563
16103211650
16094793524
16098513774
16101011087
16101823577
16100728698
16104918090
16101338265
16099202787
16102573227
16101905125
16101280384
16101541365
16090400727
16103609574
16096680407
16095720758
16084638631
16097856509
16095169551
16099271759
16089084353
16094204593
16097446420
16108111341
16093705037
16096370616
16102852996
16088045927
16104751935
16103315655
16083485118
16098417402
16095836275
16101670084
16099295661
16104213361
16096850090
16102601016
16101812010
16103188011
16087655258
16096979800
16104179131
16098160438
16104202880
16104976234
16094852791
16096232869
16102954423
16092658054
16099077721
16106389992
16093978430
16093147772
16107039840
16097221658
16097667501
16087091389
16100501465
16102014958
16090544997
16089656670
16096073550
16103951050
16092990732
16094794545
16107757718
16095530058
16090642555
16093246486
16099466007
16094333962
16100036321
16088994343
16087934008
16091827606
16103429152
16095180120
16092060508
16096576516
16093295612
16097362462
16106509617
16093372311
16096047409
16107712696
16108198935
16093277767
16103875930
16098526958
16089871477
16096786608
16098929908
16094595151
16087211684
16092130310
16092678116
16090035876
16099529288
16099834912
16103242068
16087377659
16101753534
16091167117
16104600386
16091186869
16100443103
16097215149
16105850062
16092230630
16106099559
16095226873
16101688684
16103613118
16096905477
16095787530
16103800164
16101889942
16095453778
16100723587
16104901361
16100153499
16097528497
16101990463
16095798627
16098800141
16093972399
16101817996
16093728426
16100867219
16107248616
16099552003
16099179117
16095070105
16106098492
16093472551
16096751034
16096663331
16097701139
16095916092
16095440885
16097274508
16098212619
16103174818
16095211972
16101822770
16092079366
16096057942
16093952283
16101073946
16105187454
16097652533
16096078134
16092970125
16098701019
16102709240
16094933228
16088647960
16085375968
16102528321
16096615175
16095071865
16097860711
16097020303
16082668007
16095681789
16100298158
16104380089
16093185958
16106877940
16099796333
16096340039
16104720289
16102111390
16096366015
16104612637
16099184338
16099617368
16090480443
16095495507
16103989215
16099896896
16101630133
16093309852
16097232741
16101103937
16103392541
16099396361
16108995877
16102064533
16104504953
16106402971
16088097398
16091462597
16105218304
16106885478
16102377247
16091863228
16105843209
16086455153
16108402427
16098029558
16103022775
16103805202
16097198419
16101240966
16101017693
16083721740
16104494470
16098504839
16096762639
16098535217
16100894318
16093781835
16097303788
16105011929
16105521995
16095427692
16094976650
16096682773
16100187677
16103706086
16099449397
16105770052
16090328765
16105169278
16092072426
16093147256
16099441613
16101165778
16099973600
16087103715
16093059014
16100309298
16098037567
16105138339
16095861994
16096636039
16093984828
16109799418
16095210362
16098220556
16102078364
16086327212
16103592341
16101887392
16095495142
16093020109
16090942437
16099478231
16098369188
16091550494
16098479533
16093146977
16106558468
16101743657
16102163535
16106519135
16097863818
16099360614
16097128367
16096228867
16091573615
16093038346
16094914421
16086193210
16096095173
16108901212
16094461401
16096560445
16095953782
16096682514
16096926833
16098248398
16089398643
16096270108
16099974230
16097328785
16091834602
16091214646
16100276279
16092597391
16096420792
16098644625
16090025927
16100465588
16094767443
16105351909
16098273298
16100760187
16099249522
16087244163
16106320147
16095476070
16091955088
16097293212
16103371586
16097817096
16098566004
16099456326
16099097817
16098615492
16099714475
16088537604
16096539367
16098414786
16099950013
16102935662
16096748926
16106151486
16095827848
16092801700
16104284110
16103563983
16104871187
16095851970
16095474527
16097058065
16099186329
16094103280
16092743490
16098389339
16096163000
16105928156
16104737389
16094471142
16104074693
16094668071
16099378185
16104896266
16094039337
16090488191
16094363881
16095738114
16096599390
16102896451
16094062122
16091048664
16095122939
16095267787
16102936234
16088014786
16095496056
16090854532
16100132558
16104591305
16099362399
16106302514
16099613014
16099494531
16101558630
16100768307
16087981592
16090597395
16093118520
16093237676
16087290601
16095957115
16096673319
16102434129
16104035925
16090953037
16090781913
16094724946
16098913360
16100849801
16097446082
16091079486
16093942278
16091037013
16102995123
16094961394
16100125542
16098000651
16100943241
16097920387
16099523550
16096931887
16099316245
16095215436
16095827353
16092230852
16093903434
16102202390
16101093424
16107283301
16102145949
16090748282
16097276252
16093495987
16090938673
16100218669
16104930581
16089723991
16105563153
16102192398
16099463385
16096284362
16092307353
16086418902
16100309916
16092723354
16092960819
16098490373
16094196185
16096439556
16101978892
16104481834
16095544329
16099158779
16099139951
16094580141
16098172972
16098427679
16098017176
16094587545
16089727729
16099186270
16093774775
16099509792
16096592136
16103163629
16086608851
16095310207
16095838121
16106430662
16104144420
16095258207
16092824956
16098646102
16095185924
16091073406
16095834836
16094131748
16098558718
16098667876
16089724419
16091006441
16103071956
16095914624
16099774283
16103390432
16091535939
16087394909
16104504735
16091876978
16096878587
16098880255
16090876655
16095497346
16110075731
16093482542
16106678792
16104872165
16104091788
16094620169
16092048786
16097312007
16106349617
16105219850
16095550005
16090108747
16095965602
16092558955
16095608460
16104453417
16096431949
16090328824
16099239443
16109644406
16105246615
16104155286
16093721336
16096610169
16101280972
16095634259
16096239734
16097347557
16094875220
16106044253
16094865456
16094721444
16090490760
16098495386
16099773158
16095290881
16098240075
16095600996
16100738354
16096501094
16093367941
16084706640
16102142320
16104567647
16102722908
16105388055
16098228290
16104830515
16096509807
16094678102
16099218301
16089749491
16098786664
16088405488
16093067533
16095384546
16097119231
16100562323
16094912470
16095275920
16089186077
16103368179
16097167431
16095350405
16096731337
16094986272
16099990688
16098480511
16092177267
16102984902
16081134544
16097972862
16100541789
16106978166
16104770370
16101028092
16094077567
16095866466
16102139499
16095139622
16099539064
16100162072
16111080039
16103266495
16105458475
16097252791
16094848729
16097897865
16098170371
16101577031
16101652465
16097389040
16100962224
16094229143
16104897234
16097685237
16092049881
16099430200
16090307065
16103949659
16110118938
16102878986
16097427549
16102956882
16099221320
16096266254
16089526712
16104347148
16096393766
16093793523
16087483936
16099565432
16107527437
16097226176
16100874612
16098315653
16095259644
16098062276
16099230383
16099894663
16105344608
16096838151
16092888386
16100110118
16087467703
16094800570
16105582110
16097201304
16099877146
16106777549
16096099256
16094334316
16101051727
16099008135
16102325277
16102421299
16094535175
16101885150
16096911272
