161284142936
161292124727
161248263788
161296870657
161287009727
161240048039
161268634994
161259813107
161263824100
161282093885
161285842833
161278238428
161253880067
161252822690
161273707380
161249092768
161279778463
161276724740
161263161529
161286455468
161276262170
161277431905
161277101752
161319154265
161263072038
161287978181
161246501827
161278833327
161272191379
161299967708
161272438550
161269507044
161276953771
161271709154
161275449125
161287574683
161256757084
161269979829
161278276840
161251899840
161263072532
161278832739
161277704711
161237291046
161299501041
161253560919
161278898118
161275615108
161281472697
161246887546
161272866455
161267869115
161296881920
161282840666
161277338216
161281314824
161279282048
161281360223
161285838707
161267195438
161291271858
161273184532
161270435316
161294409645
161274459663
161276632825
161229971059
161307758533
161279667105
161263933446
161266807475
161266106503
161254911490
161275378205
161283573610
161292669625
161265286236
161241366299
161262618888
161306251827
161288134763
161301026743
161299892260
161277932070
161242933410
161246638953
161252081520
161228395282
161294320583
161261981587
161297380485
161260009706
161271309431
161289137053
161276169939
161275865171
161284636778
161250181263
161295814330
161263431729
161266716136
