20155281086
20154156735
20146449023
20153501530
20141697081
20154803122
20162003284
20148596377
20154008143
20152977341
20148739945
20142051108
20144066379
20158165577
20146314279
20146569530
20148519695
20156323826
20162718530
20160250375
20152683937
20150056874
20156223696
20158618920
20151152373
20143512856
20149545723
20154182567
20152884635
20159352405
20159581462
20146200814
20149934593
20145139914
20146921500
20148616630
20164306993
20160161125
20151058761
20159305039
20147932323
20148725954
20158044820
20164898630
20151152946
20144510823
20146414622
20163726181
20151198004
20155458463
20145542608
20157791677
20160727993
20155616236
20151278438
20160672040
20151080864
20159790572
20144268863
20140959901
20154245585
20147867483
20155905390
20150158554
20156302704
20151768325
20152525592
20159403823
20149526961
20145016543
20147470254
20147414994
20154578030
20153459260
20156539537
20149274586
20146282062
20160000634
20150725473
20149941589
20151649713
20149817880
20141828869
20151074547
20149120323
20153139818
20159529057
20143011259
20155687985
20148868247
20145383298
20161433882
20151724719
20152479693
20147991114
20146632799
20152748439
20162487360
20152395785
20157204555
20148922732
20150153655
20149027683
20155328973
20147401269
20155463380
20144523905
20151736846
20146615085
20150651478
20148328141
20153843744
20149929303
20155748279
20149341735
20154567868
20166893418
20165050004
20156886924
20150007636
20146633784
20154250731
20150159983
20155206414
20159805670
20153085966
20137505454
20144084261
20161554802
20155711498
20148633530
20154196252
20146082732
20148740029
20158230100
20144186447
20155139600
20156914257
20147738436
20154513828
20158575746
20149615616
20147056107
20156480806
20149093824
20152555895
20154087772
20159199117
20151216947
20141772306
20142130351
20150357505
20145379026
20144100247
20144875844
20155687215
20154544556
20158282396
20160565420
20155198985
20156852940
20148862080
20160073747
20149918761
20154608702
20162161956
20163598252
20145066485
20151452107
20139145404
20148686535
20151810511
20152400538
20154678617
20157191006
20144956531
20147301178
20149002295
20156114567
20158817453
20157435347
20160625667
20143772237
20155900538
20156948173
20148858659
20151733374
20149101479
20146208919
20157350848
20159850975
20152451564
20148841340
20147652436
20139711365
20143702914
20155099699
20152630551
20151596492
20140696713
20155093031
20148505122
20155012412
20153883581
20146702568
20153237477
20158812843
20142582327
20145277832
20155301755
20157514046
20139928951
20154299222
20149437775
20140240602
20151286505
20160095150
20140218812
20147592312
20152056731
20150147621
20149661586
20159803007
20140236837
20147587918
20154526817
20149247400
20144872789
20140361586
20147448953
20155574935
20152430643
20156322625
20150369610
20140773330
20162816896
20154948870
20141393722
20145240797
20160654413
20155327130
20159396533
20153110607
20149822889
20148214772
20157388951
20157479392
20165810753
20147759164
20138896268
20147082086
20154767191
20145345302
20143385500
20141243674
20149911850
20147038666
20150281261
20148998468
20148043862
20157816239
20161102070
20144393522
20155024850
20154321650
20139413233
20159783657
20152419616
20152509732
20149935173
20143745828
20150194714
20161378710
20159166533
20155360773
20152948169
20139383079
20150912242
20150378091
20148681084
20157218967
20162119816
20151279524
20150233872
20153561729
20161242559
20157194661
20156671837
20139187536
20154892955
20145047800
20156997845
20143699249
20150702621
20148982548
20151575605
20158794349
20147115437
20149116800
20167173304
20144212199
20150170373
20141281194
20153019128
20164206737
20150514955
20150921007
20160548547
20150309077
20156185961
20149790563
20146870460
20146482132
20150092122
20157355100
20152322615
20160382936
20157383631
20146843409
20156173124
20145158510
20153382994
20147686047
20157533175
20147858546
20152049376
20164993264
20155185615
20140338806
20160796588
20153243084
20146258074
20145130414
20153378606
20148993902
20150725308
20153164928
20152637246
20142456432
20157528021
20150640808
20142363597
20154893339
20151505544
20151055840
20150417840
20141741935
20152188430
20156691054
20147424967
20155955071
20155999977
20162394745
20161270786
20147935954
20151120155
20151124013
20152504791
20148689925
20159571606
20143734395
20145853895
20158431521
20147613964
20159236416
20147958867
20146881404
20155688682
20156460421
20148105766
20161437218
20158761519
20169792248
20151533547
20145857304
20152140731
20155187760
20151974090
20158632924
20158916282
20165105683
20147441961
20169945531
20154075619
20149628073
20148862809
20155381379
20163760984
20144660860
20150527711
20147670168
20161269783
20157299656
20155722897
20148611559
20148078918
20157116326
20150990452
20146148597
20151787682
20154843967
20142041781
20164802846
20155482268
20143632129
20149537925
20150071609
20151982692
20158138049
20155398733
20155486264
20153634013
20153447117
20167456029
20155767481
20153245232
20157094498
20157208902
20153935176
20145253007
20155381453
20155242802
20153787467
20152918809
20147842995
20151460444
20157627375
20155101729
20148451264
20149973097
20162881265
20151005676
20151327183
20143840266
20148421791
20153979766
20148450954
20158999104
20150474335
20157919196
20149922544
20157263425
20159779581
20154119734
20158659317
20145513341
20147657597
20160781303
20146740626
20154845440
20149116569
20150975797
20147882181
20146941311
20150680120
20157808406
20141051643
20152971208
20148805962
20147962451
20159762847
20149905249
20150544897
20144230634
20150970361
20139965731
20150990184
20145223883
20159603925
20156067513
20145410601
20146706092
20165057232
20143472887
20151178471
20145528562
20149961432
20143395503
20150619530
20150601202
20149297031
20153434841
20146700220
20151795201
20162871064
20149979878
20154995337
20158543711
20157266372
20158035885
20154867375
20153730807
20150526467
20172148052
20159617502
20159798923
20172968303
20147526147
20153047349
20151206639
20149367369
20152423415
20145609719
20148046971
20152455449
20157349695
20145862730
20155239723
20138516979
20156495557
20159720609
20153244871
20154380782
20153362661
20164338461
20149026803
20151738140
20150455757
20145954808
20159043142
20148914357
20148721033
20157030779
20151528157
20156726954
20155334045
20160309118
20145057285
20140802267
20151615941
20151433413
20149210912
20154597728
20152042126
20151120895
20150492144
20140523333
20149271306
20148335625
20146179957
20142061315
20141588762
20156205893
20162948047
20156439553
20144912015
20151877651
20156682645
20149549633
20154560185
20162765474
20154472703
20156306046
20154391763
20144157292
20146541638
20146395622
20147210221
20152316990
20146785459
20155566911
20153986976
20162594334
20147732229
20152034396
20157616958
20160451228
20150624133
20146900641
20144227792
20157476644
20143719152
20154487796
20150497759
20145350598
20145055217
20141066621
20151005774
20142916397
20159243008
20143953562
20153719939
20146325073
20160334224
20148731998
20151942272
20143180452
20154105274
20166172925
20154061966
20151486345
20148973468
20153344139
20156178650
20149732870
20163778984
20146488367
20156051792
20155212955
20151822106
20155763853
20152443404
20157384433
20156220840
20151000570
20146621965
20143128429
20150161298
20150207755
20146602989
20142091453
20148534727
20150513907
20148892536
20142190338
20157788245
20154409577
20141134475
20155938743
20156013938
20146110027
20157468338
20148918213
20147576528
20154617230
20150984193
20151954620
20148553166
20140139863
20139191487
20153821007
20148465990
20160478545
20150091308
20147452160
20149030688
20145586286
20146480541
20148684941
20153534611
20145797913
20151335483
20146876109
20154907647
20153992722
20151693294
20151754067
20157090044
20150527344
20156947915
20154664167
20136899459
20146119707
20148503335
20153701959
20150568958
20152374326
20147133724
20148680320
20153351251
20149997029
20150722940
20154012605
20143373223
20161674818
20157214601
20157988984
20151411669
20157809530
20157401300
20149522093
20152294993
20147488401
20149427432
20146151285
20145534261
20153316516
20144918067
20154625140
20154571679
20160540368
20128891439
20155875535
20153897470
20147608196
20157964693
20142099883
20154414790
20144095253
20155463070
20151656333
20143921802
20154190317
20152671630
20153843259
20139451222
20143855081
20148932186
20150486380
20165396904
20149501393
20154968627
20159518700
20145247439
20147373125
20151904476
20150807172
20145998620
20144138984
20158496973
20146962704
20146764414
20145365354
20146637243
20169493988
20157354883
20157596883
20152822097
20167185169
20158794073
20159249567
20145724054
20151923111
20155947038
20152062930
20152940682
20151414162
20153471331
20152864060
20156543952
20146788311
20158653925
20151239903
20158261741
20151777368
20152842882
20144347657
20150751594
20144131649
20149765316
20158914983
20153805671
20147114249
20147946970
20164866084
20164035759
20147133534
20165803470
20145948744
20159508513
20163936376
20142446272
20161078845
20153839561
20155183418
20151683118
20152335667
20142730531
20138868261
20141967711
20146860098
20151598674
20160242648
20149240351
20148128881
20159260375
20146845072
20153363108
20150470480
20154922878
20162120872
20150510790
20155657974
20151041884
20166076010
20146301681
20147431174
20147416015
20148546337
20151129016
20151145050
20142816045
20150544892
20160351323
20149523698
20153643816
20148276519
20150549683
20153688276
20146301728
20157091250
20158503568
20143285541
20152047247
20149575675
20152135416
20168188019
20152355080
20155540426
20150648590
20157334017
20145057648
20148227564
20158286048
20158707173
20156013651
20148651587
20147775861
20143263610
20144759992
20149529016
20153378229
20145893120
20159595898
20160081404
20152296116
20156861701
20149623387
20154523890
20148271542
20155366032
20147378234
20154688174
20144762703
20145779079
20144015022
20150387336
20154449466
20145639696
20149606881
20150597828
20147359250
20131948680
20144358045
20154236633
20152560142
20139307933
20163102775
20157391018
20150803629
20147788950
20158670933
20159341294
20153700338
20149810910
20151787819
20149379107
20148210013
20154662229
20151278102
20149852298
20153880471
20140174057
20148205807
20152435500
20150272262
20145319191
20142896854
20157323770
20156906553
20156611849
20154489865
20147954642
20154924200
20153687484
20156502011
20156416885
20150198718
20142151744
20155119154
20159288311
20164446012
20159410833
20156248227
20148755526
20156182395
20154110938
20148937794
20149022240
20159165007
20150417483
20156689887
20154169009
20154200548
20147666241
20152185952
20147477702
20160650496
20144855290
20144458507
20146576606
20146441030
20135794990
20157288923
20145283140
20148225439
20139996597
20150696683
20156076116
20156471237
20150985530
20149556603
20148382108
20161813783
20152810881
20139868635
20151535080
20149209340
20159764340
20153037790
20156837261
20149540189
20148735378
20150571107
20149235331
20147150454
20140322257
20154993905
20161203593
20162465905
20150174676
20146758065
20141783660
20153751673
20144785880
20145938557
20157056389
20142983175
20155761529
20155616638
20145452382
20149112390
20144683847
20145960026
20158918421
20148575919
20161432994
20146777578
20156652044
20160288408
20141066980
20148505466
20156204103
20160418923
20158450326
20156228552
20142405118
20148781109
20148303551
20150443568
20140451119
20152875399
20140987371
20147563187
20150254846
20160943642
20151147376
20163317516
20152169450
20151878844
20139939230
20154012378
20158724180
20148146162
20158030006
20151663590
20154845524
20148384963
20146467586
20148397946
20153172776
20154547262
20160657771
20154886102
20166023966
20154020271
20148794576
20149344579
20152059045
20150780975
20151878692
20154465512
20152320470
20144719423
20146979990
20154252373
20150506140
20150893740
20164104115
20153455857
20160298791
20149442586
20147683441
20153371070
20155905187
20142112226
20151691946
20150271909
20149492785
20159283615
20144944104
20160050333
20154554781
20153763642
20156237732
20147994854
20150011682
20154035334
20151210325
20146406695
20142980104
20161692314
20141136832
20152839203
20160284978
20152663980
20156800270
20147583087
20162757647
20136138569
20151580932
20144292085
20151559181
20147681503
20147195519
20143721155
20140852600
20162405254
20155041891
20148357999
20140775803
20140568314
20155773499
20148858846
20151536952
20153582512
20143520592
20157116074
20147442949
20142620014
20151429192
20161988766
20152898920
20160286908
20154589341
20146603953
20151930061
20154572357
20146796922
20153554653
20151685291
20146999987
20152460468
20149086621
20142583561
20133379754
20148966518
20153720337
20151346766
20152145398
20162114597
20158787596
20151154602
20151580139
20166515036
20161003647
20151586982
20143793618
20154400797
20158200574
20162209816
20152550739
20144961895
20142396447
20154790895
20154190757
20154965623
20149459480
20141586922
20153239232
20151378912
20145322289
20150105914
20157105680
20143530766
20151921150
20147818364
20155048681
20145542730
20156705989
20151820991
20139035281
20162154099
20151109537
20144014880
20149824965
20139015977
20139340271
20154863103
20154279059
20149548801
20151359647
20142566750
20158041406
20157506372
20152335070
20155852435
20163991932
20146252247
20146609027
20153431712
20144961901
20140434409
20148919495
20142195594
20152163581
20144492322
20152166310
20156693768
20158890474
20152616466
20146836823
20144107988
20152439809
20156260871
20153496925
20152626859
20148858804
20150683269
20140524561
20144114208
20137027663
20158342134
20146435790
20154486547
20149606414
20144564688
20159022189
20152696899
20152486758
20153171903
20150021644
20154158805
20150100712
20152383701
20157738117
20135045206
20150353991
20144480308
20153761153
20156916706
20149307801
20147949830
20152136528
20154111630
20146091943
20152817243
20144263092
20145827349
20155955399
20156596293
20158283073
20157197525
20151570302
20139365025
20150101967
20152078273
20154273824
20154472562
20153384173
20150796428
20151547834
20154934070
20158109231
20147778170
20143432332
20152520577
20151092431
20148617151
20165027331
20144136595
20152551578
20156817428
20152117742
20152480162
20151447247
20144833123
20149362747
20159535617
20162528380
20146012841
20146907543
20162685355
20153750068
20154302785
20148571156
20155203575
20148705570
20150418192
20153570624
20157864718
20155896035
20153520675
20140079321
20142507716
20152667920
20157060949
20157731662
20143331403
20152178113
20150455112
20154523262
20160972737
20146106318
20154004371
20149945521
20148853674
20155049689
20151265935
20149389426
20154712142
20147491354
20143968176
20143713753
20158897080
20157600555
20142983302
20158105797
20141178848
20150048919
20147055144
20157103276
20155274196
20147905935
20144703772
20152855113
20152628441
20148614630
20156082613
20152685754
20155565764
20158040785
20164607077
20147663541
20155057448
20157582054
20148693454
20151883844
20151998601
20147074962
20150416260
20143673571
20146123776
20158124405
20153434308
20147584547
20146684645
20143363575
20148763033
20146403779
20149367939
20140414852
20149447567
20155858891
20153867359
20156222876
20152580276
20146309099
20161345456
20145712539
20152557131
20145572988
20147225553
20149820510
20151717399
20150387126
20150911461
20157253508
20157480079
20163825986
20153894241
20147235684
20146617179
20149420869
20145967206
20144354047
20150112565
20143939941
20165297768
20153529021
20142991067
20149748095
20151525510
20151884851
20150857252
20147475655
20153474633
20148776968
20148194265
20150369363
20152933965
20161519400
20151930863
20143825667
20136439277
20154327602
20152766127
20157340245
20160758637
20151470838
20146039285
20147030372
20148514761
20146682259
20154461978
20146802523
20147974077
20149255197
20151931961
20152054525
20141325885
20156995649
20152447564
20155720334
20148815426
20150123865
20155470239
20156225025
20139775435
20150532783
20149980707
20154926265
20158804684
20146302617
20156144535
20148402343
20151008324
20149677857
20151848850
20157096454
20148983248
20148829018
20143767810
20150281363
20157059590
20143125130
20150083200
20156636064
20153613663
20156482819
20149419533
20147718979
20155901268
20154959508
20141195286
20134137592
20152534463
20144315313
20156898105
20150720088
20156889355
20152259818
20165631203
20152566445
20155386999
20152777287
20147353237
20150074582
20149620271
20150072236
20145215664
20140305449
20151345256
20149995836
20142021006
20153607222
20147491851
20148526574
20151843351
20159112873
20144198223
20144650487
20151995603
20153393527
20150944388
20153337032
20145449180
20157212217
20142380400
20157790770
20142860154
20159669402
20150835808
20145690643
20150877372
20143001038
20147856462
20151174766
20158454426
20153917928
20143616471
20150164875
20149461743
20153847711
20158179902
20141358000
20158842168
20151666934
20138378814
20149062598
20152135334
20156930090
20147978567
20156528172
20151240929
20147432200
20149690190
20147569153
20150127479
20147648531
20156647270
20160292936
20158552769
20152702047
20150690963
20149879801
20152031856
20140825278
20154006151
20147489492
20160292931
20146305556
20161266972
20152357391
20158670635
20151918873
20151389354
20143293858
20156056553
20155259304
20149333236
20151561366
20153943829
20145933953
20158564964
20158112130
20153707971
20156398331
20158549053
20153910422
20151948996
20147270522
20155683120
20148109110
20158004972
20155392931
20143906734
20140438468
20148777383
20153615778
20144634165
20155524771
20161722958
20145188872
20147996123
20151122634
20146348206
20159559909
20143469611
20150890307
20156149060
20155911362
20150560722
20148984134
20134676291
20150031388
20156071984
20158279017
20148363601
20158438445
20160680641
20154762354
20168760978
20145226003
20148014865
20144778826
20147635537
20162514371
20154591419
20146738675
20153636938
20156160208
20143502941
20150129471
20160886534
20155221850
20154136189
20156149840
20141581955
20146231379
20146891863
20149755580
20142712316
20161644547
20156028765
20146340733
20163279051
20151761529
20161299539
20151711655
20153910659
20158189976
20149257854
20157175133
20149215837
20154415849
20152689034
20147536267
20146430001
20160461354
20152487863
20148790495
20144905330
20162477989
20156896746
20151333358
20155638541
20163476348
20157356427
20151437199
20160609624
20157759169
20152019050
20142097754
20149616598
20146369991
20152509267
20155258481
20140990868
20156869199
20170305985
20147801163
20157415037
20154485978
20159912287
20154604963
20157666139
20151530459
20147337426
20154341449
20161222467
20155429044
20148656502
20156998762
20148886064
20162910191
20151575914
20157879166
20158668248
20155968645
20145308907
20157762133
20157964269
20147764522
20155345920
20166860995
20150573621
20161383813
20152930980
20149594528
20157808720
20148521129
20139202352
20152048328
20149020636
20144108373
20156660847
20154029282
20159377666
20148110934
20137560462
20157137573
20144082557
20150272438
20160126143
20156285927
20151538013
20154641712
20149513877
20141706343
20150070807
20139305674
20151406805
20163112029
20148712688
20148025686
20149207793
20148629603
20156571042
20140520774
20155705865
20155778535
20152738025
20152685337
20150464845
20149180829
20155361616
20155715672
20164547051
20148444993
20143007226
20156177499
20146751674
20142515574
20149068216
20162236089
20160805912
20151712242
20152552476
20144681309
20150478701
20151260399
20147240424
20158523204
20145112075
20158357958
20146034850
20137982615
20151177532
20147685096
20147720836
20153566396
20153948550
20146024164
20143369662
20162063897
20151908690
20149185162
20152299668
20151307165
20147968892
20145070849
20159717960
20139151841
20157707572
20143686734
20156176133
20145472632
20144013783
20151978418
20149051862
20142054621
20158590764
20147162496
20152912195
20155671313
20151915330
20148344348
20154041971
20146192794
20155694048
20151559343
20153503360
20149309431
20146174793
20152393092
20161563599
20144302094
20162761424
20156106653
20145812796
20151729637
20152182588
20142403039
20146231296
20154726341
20152157195
20152613850
20145356170
20157192908
20143270863
20147425641
20161091396
20152659493
20153406649
20151068584
20147139699
20161918539
20140941048
20153351636
20151523486
20152741411
20156720180
20151097356
20147827782
20149353192
20146667260
20150107186
20147301435
20150942606
20142950451
20154301794
20153808182
20149988157
20155005869
20160084224
20159888667
20168452186
20149304263
20152008129
20156695689
20164175444
20147965508
20170485961
20164988001
20142691894
20156410926
20150223001
20148636887
20148617615
20160055776
20151300761
20146209487
20151417647
20142767643
20142282595
20145775387
20162979317
20149369319
20145020286
20151446952
20133190439
20147599701
20152804574
20136637494
20148462732
20157926254
20158919492
20143518071
20142547809
20157380879
20143740866
20143444906
20144292092
20145256718
20137899017
20149758960
20133966899
20156346082
20159965919
20150244034
20157594067
20140296612
20165225645
20148654336
20153244657
20137840030
20159020653
20148314561
20146009752
20143172567
20157165662
20155783113
20148302339
20141694528
20148542627
20151339412
20158743534
20164143787
20156735360
20153930599
20160826909
20164717189
20158150466
20148069083
20144711343
20150267272
20146243044
20157037583
20153869643
20154115072
20148003850
20142806327
20160349909
20164451715
20134613321
20158367927
20153011962
20140338625
20146266060
20142088684
20151758269
20154719619
20165628359
20150416702
20148265495
20148855924
20161585255
20152769939
20157626425
20149424562
20137295203
20152487467
20150050887
20157647750
20153525553
20147944132
20143482119
20152219411
20144352530
20159883172
20154248862
20137924101
20150985435
20161133841
20160727756
20139868451
20149180988
20139750319
20157178147
20140907765
20152835134
20150377313
20155491846
20143187608
20154481373
20159361982
20142741359
20146948607
20151090584
20160225505
20158731043
20144115623
20156336617
20151495781
20144949810
20146805731
20155109913
20153139146
20156668335
20156321939
20164250147
20155200748
20150147010
20150479355
20161417068
20149019351
20147351223
20154360691
20153394807
20149899854
20136711496
20150286997
20138955610
20151217458
20162140566
20149400486
20140795919
20153079981
20154444445
20159257297
20151337369
20148900143
20143246644
20148100250
20157766605
20157510545
20150370354
20147150857
20157364722
20159658922
20151517697
20154314564
20157760124
20154966545
20150456567
20145332649
20147181265
20158122511
20156989288
20153356793
20149854862
20148456511
20155755323
20132738572
20156880237
20155355502
20152106056
20149345705
20154990634
20151116114
20142248086
20155570865
20156132010
20153212584
20161045127
20147970456
20150535530
20154476878
20157337807
20151041981
20163492422
20145510019
20158838079
20148928439
20143228089
20149400992
20150698566
20155057705
20154685408
20144158825
20150925434
20148218383
20145020402
20155228427
20152415023
20137775653
20144588811
20158571392
20149575584
20158225265
20149738140
20150748102
20155804087
20159285068
20155952068
20145218498
20146535453
20146123239
20141384537
20142887529
20153907046
20150074739
20149157257
20147083746
20153450114
20162245905
20152819940
20150196761
20143661822
20158054423
20156184712
20147623104
20147555891
20150512571
20148127164
20152031768
20147258079
20151664501
20139416575
20151424778
20145964205
20151149076
20149098377
20149112755
20163745585
20155491827
20146677403
20159253295
20149213043
20140388499
20157374916
20150320722
20141492337
20154645170
20142475226
20147459220
20155025358
20151359408
20145937643
20157396803
20157936082
20146119819
20146733160
20146996534
20153497939
20157455578
20149772056
20150781911
20153462308
20151900947
20158803754
20150522687
20149640354
20160233216
20153851426
20148422271
20154334971
20144286328
20153921739
20145190606
20148486403
20147551274
20145866168
20150293980
20149894436
20154363446
20150122738
20151622774
20150002817
20149006166
20158100953
20169058648
20142814144
20148988186
20145759276
20145837071
20147122476
20142658079
20151302075
20156160153
20152616218
20152988768
20144346237
20149971429
20142836196
20151356918
20159581892
20143883318
20153825066
20157999841
20153702720
20154523423
20149340825
20145049667
20152518714
20148312353
20137265518
20150423083
20153299248
20156444373
20152749158
20153143234
20157849568
20141222463
20154155243
20150175559
20161127283
20157378982
20156667296
20151479059
20153132172
20142801111
20145939997
20155879839
20155648072
20153709512
20157238476
20156731161
20168217428
20144844513
20160372219
20157596621
20159946611
20136027220
20150763138
20144636967
20152523028
20155667808
20147904807
20144799956
20142608377
20153992790
20154273584
20158711564
20153033341
20153811426
20152317266
20161327341
20148292612
20155936790
20145366006
20145311236
20147143137
20147741165
20152989433
20157020272
20152500899
20155773458
20151047993
20160282781
20147404777
20151977443
20151616979
20155249381
20152026656
20142613155
20151918810
20146237593
20153035921
20148149343
20162768483
20156993417
20152000510
20150256122
20152603902
20151694699
20142611681
20151698910
20151862618
20144001505
20157280534
20148020231
20149153168
20148079750
20154157512
20154728025
20154455318
20145187603
20163933751
20149755403
20150969245
20156809017
20144682533
20160838305
20152186687
20147458296
20148998313
20147932949
20142001403
20164051294
20160136318
20151131616
20139051692
20136097095
20149277818
20155418176
20152165612
20141774994
20154940422
20145492571
20148838777
20141850848
20153074331
20148884229
20150935759
20157052759
20150754629
20154558813
20164045832
20159737916
20144573786
20146175481
20154511046
20155975680
20163573409
20147322230
20142483434
20157860468
20149303870
20145335243
20149474591
20148509828
20156376059
20153399055
20144037222
20152383847
20148352988
20156998938
20147278431
20155541196
20146210988
20160408019
20167615417
20148823233
20155182880
20155358098
20148231997
20151320993
20158085422
20154915949
20149942169
20148553136
20153673958
20142685580
20152704168
20143292049
20150735357
20141265966
20152013149
20150620419
20156532933
20154567222
20149007560
20154224356
20154376441
20155353809
20149316237
20146760649
20149034765
20148075339
20150570019
20156852404
20165374407
20144435011
20151722152
20152111594
20164354343
20152653311
20152706688
20154324692
20158993113
20150735915
20144091518
20155290739
20157767989
20150960696
20146961319
20138451152
20146551796
20144081293
20148490748
20149492861
20154692450
20152795290
20154530739
20152359791
20149979443
20153605830
20154605687
20159888453
20160170483
20158215240
20150583591
20147670753
20160900735
20144650721
20152330204
20142960615
20146532253
20154180680
20153501387
20145852806
20158318996
20150268072
20147104849
20148369176
20150307540
20136606019
20152124058
20153520577
20165178369
20153379307
20151604507
20150123365
20153678491
20153323742
20149191711
20140575780
20159956506
20149533887
20153227555
20145934685
20138030907
20146801877
20152132771
20150419445
20157588225
20157075638
20150302057
20152946902
20153034635
20151595739
20145617803
20145017454
20152996422
20150983409
20144289518
20151279164
20152218542
20146279519
20146535529
20140050579
20158068175
20158141519
20149929112
20160057636
20150093131
20141865943
20152520397
20156289110
20145153426
20148388869
20146142600
20147097402
20157820934
20156883969
20149070595
20160877968
20139205767
20149964744
20144805585
20153250510
20151328979
20152805664
20141986908
20142000503
20148603541
20150332086
20149617623
20157480700
20137917092
20147414939
20152005934
20150362437
20152091561
20139265430
20148938513
20155910172
20145855913
20148091048
20150445720
20143059635
20151150989
20147403733
20159643687
20141991318
20151441841
20142722797
20154213312
20152877589
20155660063
20146093596
20168051953
20152178971
20157191365
20151830020
20146544155
20154435190
20149468829
20151569137
20150793637
20149414130
20155225039
20150581997
20162103911
20151920225
20160439512
20151459449
20157694624
20159498806
20141047019
20145064674
20158557672
20153850266
20161325851
20147603854
20147582343
20165143048
20154871332
20152873605
20152772165
20160103650
20162131223
20153978156
20152634618
20156525105
20153612453
20155045728
20153889038
20148208551
20157177645
20149747572
20153530116
20153474424
20147983844
20154449337
20156526081
20163333379
20152819885
20145048240
20150891876
20149774356
20145085746
20160044258
20145875337
20149827002
20157351907
20154484787
20141251585
20148966074
20153787057
20151416592
20150144316
20143129273
20148184737
20153084643
20158281025
20158547533
20159526221
20141262766
20144005071
20145166705
20163476292
20157535273
20149198841
20153102981
20150596414
20161224074
20152192601
20140521577
20144975377
20155445630
20151897958
20143506474
20163765105
20146104214
20153369605
20162319078
20155267927
20152151454
20150669103
20155303016
20167601159
20156393580
20155903381
20146131666
20145047728
20141687274
20142519248
20158666745
20158899633
20153072519
20168185692
20153482132
20138299816
20151862901
20156910459
20152959797
20143145979
20154530689
20152488010
20153739817
20152313005
20154690327
20150721057
20154744048
20146264959
20153498703
20151150834
20161404570
20147366171
20152404152
20144376669
20153485405
20156569831
20148049865
20155967693
20143063005
20142270462
20158689613
20143847041
20151702800
20154520180
20154554048
20160022167
20159070583
20157007328
20158186430
20149362443
20148379791
20152588845
20148422179
20143814117
20154851616
20149723588
20146481476
20145615718
20154063225
20149874927
20158307732
20140557652
20150648206
20156638094
20160434340
20154137505
20157215095
20140802917
20140374966
20147903102
20149652290
20151559304
20146578418
20158316680
20154312006
20153551903
20152587330
20152813158
20145513953
20153947830
20151751403
20156047260
20159356706
20157981740
20152936873
20154904025
20156236785
20155968579
20150829425
20150282630
20153668695
20150960580
20147778842
20145543410
20154786210
20148783874
20151952595
20160081508
20147575594
20148421359
20151747628
20146325399
20146202437
20133641706
20153065956
20149910968
20151538928
20148380249
20152269141
20149407685
20162960573
20150510765
20153174829
20156010010
20149894295
20145284953
20157409085
20146136955
20154682622
20152694277
20146234558
20160988194
20152152772
20148334658
20150100187
20137403039
20152758245
20151077014
20158530469
20157729080
20158816487
20153583452
20149408988
20159522536
20161784310
20149824893
20158303820
20161001220
20150768344
20141348901
20152781027
20146935038
20138649032
20151138610
20149807635
20163288887
20150248402
20150407507
20145332573
20157157024
20165119657
20142101124
20155154887
20148393182
20160636454
20150538890
20149316644
20147290444
20138935997
20145658014
20143610564
20155205652
20148525518
20147704617
20154365123
20149793860
20146922019
20152155621
20156522768
20156449469
20158867803
20147477124
20159302702
20158053365
20146827150
20146742058
20147553885
20158489785
20144102467
20150004666
20155585670
20163086749
20157301610
20150499811
20161800919
20150643190
20151118491
20155769111
20160164366
20152822419
20157246988
20152052485
20151500279
20156511968
20155225624
20146288313
20151501824
20153176920
20153813139
20153345873
20153452143
20165532517
20159299309
20150653324
20158683476
20153930855
20150736780
20154622648
20150231976
20154416747
20149516143
20155096063
20151388427
20156185834
20158120038
20149929559
20148412088
20146604554
20146564231
20154379643
20155828166
20147950635
20159101986
20153209567
20161857842
20163436952
20157603380
20152487101
20152808506
20151358712
20139453371
20156038606
20155654505
20142794978
20162411329
20148111963
20150455200
20155791971
20158478229
20151852456
20143960002
20142602842
20166760342
20155984443
20154995143
20153618498
20142863461
20152542532
20148985484
20157945223
20159623616
20159288772
20163838047
20156429951
20154120783
20147099786
20148265878
20156096628
20158213611
20149174872
20141564862
20149633309
20153123415
20139786183
20148835270
20159803953
20155728834
20140519776
20152410081
20160013814
20156905117
20161183200
20140768252
20148170709
20149951318
20159280528
20146524815
20154688046
20165929063
20146218226
20146153606
20148337762
20143104816
20153086089
20141409067
20137128356
20156704734
20162569926
20146544436
20145967222
20153559397
20161445661
20157865462
20150713911
20151583705
20153316660
20150542064
20144523073
20154124227
20144541280
20146647210
20154259487
20159285860
20162944747
20142732555
20145456320
20155803852
20148574937
20149586733
20154814140
20150535504
20154213268
20151998252
20147906502
20149350304
20151156130
20151352256
20155663577
20156081323
20146869852
20154375873
20156194951
20145144912
20165317903
20152387955
20151715524
20141167793
20149205979
20156246047
20149017991
20157146737
20147172546
20149489686
20152293653
20156720240
20155070329
20152248972
20155935381
20139565143
20156118309
20145854204
20154334137
20151096529
20148751719
20147747183
20146813220
20155628815
20153167142
20140778410
20153953408
20149790488
20151084922
20151543535
20153823585
20153747045
20157094684
20142325042
20152343597
20153552621
20149768451
20159754859
20143934071
20161263333
20160441172
20150635042
20151829002
20146453500
20147918851
20152833106
20142408678
20161860585
20146521644
20153561388
20152339372
20153387346
20155865584
20157844614
20156933149
20145833529
20146640518
20163546213
20156073867
20149569207
20150075853
20155270336
20136946480
20158650609
20146359244
20146772467
20148889587
20160035478
20145497278
20155035355
20147695385
20159294434
20159694586
20155579431
20146809469
20144510328
20155948859
20135946587
20149537955
20158739123
20153102158
20150459514
20159303101
20152306428
20158652897
20155295899
20148224324
20152163911
20141385602
20156069269
20152949536
20151763061
20155469501
20152729782
20141046246
20160617960
20155261619
20151832690
20150260995
20149302896
20152875872
20159365807
20151306437
20153000022
20149258232
20157797383
20147939358
20160118877
20151358409
20153859108
20142518958
20157802911
20145046514
20149361713
20156211626
20152110277
20149316039
20147558317
20165032520
20160070899
20151743354
20156880060
20154219861
20161880098
20149976875
20159484507
20150701817
20151622319
20149987729
20151054951
20157509029
20147301443
20154163891
20142313251
20153991207
20166755052
20148298587
20150876674
20146789487
20148507333
20153601579
20135705364
20151351636
20145734023
20149604660
20151420866
20142775945
20156565513
20146630029
20151155005
20154704013
20160326834
20156616908
20142752073
20151694627
20152244383
20150251492
20163325555
20156311534
20155788447
20163403221
20155974656
20153908554
20139298825
20146565951
20156814762
20151880220
20159851098
20154610982
20149117244
20141121001
20151919410
20150401947
20144297727
20160913742
20159187138
20147841937
20139818760
20154544079
20141333484
20160258750
20157779455
20150390204
20164892017
20154464491
20160285274
20160907071
20155099106
20156469295
20150289349
20141468230
20153211836
20158988485
20151661146
20151862202
20157202133
20151508601
20147308816
20132509477
20155758758
20151699067
20151939827
20145924717
20169019845
20158729648
20145545234
20157039315
20159740943
20147825148
20142693572
20155727041
20158725019
20145077997
20154048912
20151623709
20141733474
20163827752
20150926545
20159548339
20145390382
20149313491
20145404904
20143615171
20156972983
20158441616
20161393417
20154673018
20154578707
20157538281
20150271891
20153667833
20153052485
20151523290
20145776971
20148716332
20147761097
20144908086
20142143412
20152047039
20153121626
20153534661
20165226120
20150784413
20149897733
20145035295
20157714633
20151637067
20157942298
20148474333
20150655036
20157980501
20141785558
20149985829
20158635005
20149629165
20146313867
20151220079
20157865352
20142450705
20150445382
20151593246
20144331772
20151150953
20157707066
20163560385
20147334040
20145577931
20153804767
20161834894
20155503164
20159405353
20153944394
20153527094
20143911616
20151562642
20159813825
20145881187
20149921821
20147005968
20160318139
20158262774
20156814823
20158451206
20141846070
20161371116
20152567791
20159186256
20156388460
20160958268
20150756024
20151396456
20158892983
20144414763
20153236571
20147650539
20145989189
20154808705
20152257552
20159848983
20153743741
20155000849
20159480117
20157831000
20155046587
20151822589
20154920176
20143633785
20158822708
20159245153
20151962930
20160360372
20152142366
20147941619
20160290874
20153940335
20146926282
20161712723
20159914085
20152913852
20145814906
20150836862
20150985838
20166876189
20149105216
20137549177
20161566768
20152314781
20153819615
20155402799
20148390556
20145908225
20145051433
20159347172
20160527451
20152560685
20142746257
20164792098
20145428824
20157271466
20148454196
20156244793
20146462033
20153658457
20155519935
20156937650
20158446296
20156138555
20145253062
20159479043
20162421758
20153281959
20145652970
20153491088
20159792857
20153297496
20145992486
20141305518
20154483144
20151424155
20156495583
20145454402
20143306541
20151663347
20155598139
20150124065
20155799796
20150314154
20146587911
20152738129
20149927734
20148675836
20151525782
20157468003
20143879624
20152673105
20160759081
20154893251
20144505542
20156148082
20152797853
20151369164
20151785567
20148492612
20144286360
20143634836
20147226431
20148530681
20149024538
20150689402
20140162739
20154716833
20136313277
20157603874
20146284499
20142694475
20156629438
20154383371
20155687103
20152659244
20162707938
20146781299
20166456509
20158758915
20148546828
20158139014
20155827537
20144830567
20150993612
20155471657
20154950463
20149616899
20161678734
20145927505
20145757817
20153977864
20147355850
20148175779
20159437207
20150193041
20151529365
20150320203
20158917631
20154641061
20151269636
20154469182
20145861367
20156978134
20147218600
20154487206
20161433693
20155371866
20145911214
20148968209
20149131387
20152246661
20158145527
20155645029
20160542178
20152609978
20156477827
20148279788
20154213755
20163648357
20152888807
20147795326
20150134037
20144659765
20151202006
20156511004
20143396021
20144408086
20149765022
20156306501
20162873584
20152626467
20159908789
20155797722
20155908980
20155661983
20148805610
20154560136
20157460944
20153679180
20152754295
20141916426
20153268430
20156637027
20146728487
20150269864
20148128991
20157692419
20154497511
20158995011
20164824964
20148028016
20160732851
20160399976
20158304940
20147006549
20144549069
20154799127
20154353384
20154574480
20157473910
20142357886
20151731199
20151998526
20152511577
20147526200
20149375696
20146119198
20159978728
20152172150
20155227264
20149914937
20154581247
20165463277
20154163268
20152791051
20153377939
20162758950
20164045563
20151492556
20148979986
20150949758
20157983671
20146080353
20142613346
20150248391
20151860257
20162055088
20146826691
20158949033
20150864285
20155771758
20158840067
20143385404
20141815542
20150988883
20151695398
20156702699
20153457497
20156636839
20151329228
20156411057
20156096179
20155059272
20152244792
20144179084
20147461521
20142481907
20144049373
20143587828
20165388901
20166224096
20164382862
20145716592
20167318173
20150694114
20156034402
20146080139
20156102168
20152513464
20154919765
20140881885
20147019746
20148479071
20152950815
20149359022
20154634895
20149142884
20150333409
20150603480
20141547706
20150624912
20158198061
20151591594
20154043310
20156379898
20154032962
20151945835
20161772703
20153903348
20150124282
20147930874
20153103724
20153255249
20157726717
20144544179
20153136456
20151219715
20141691970
20151821066
20145350716
20151810134
20147602794
20149725035
20165924327
20146859103
20148245212
20158747660
20153129544
20156575003
20157764402
20152349325
20161747774
20143947727
20158267014
20151754451
20140226333
20148114017
20156807353
20149822732
20161154188
20157355282
20153234130
20152005428
20146697516
20145247506
20152677852
20144839886
20162447674
20148042316
20166148787
20147630484
20152943275
20149338227
20145634651
20158295201
20148197888
20149740251
20142884193
20164149241
20152899654
20168042392
20151867309
20143355777
20150363597
20162443620
20152557629
20156915834
20158822108
20148583094
20160511144
20149143553
20156831445
20146676575
20155640377
20155783365
20144190577
20158784961
20155152580
20152731034
20153474735
20150720101
20155713552
20150897203
20155404830
20149178771
20150429230
20143518980
20144196375
20160173739
20157612341
20153303158
20149564932
20157784803
20154415447
20150520632
20143628863
20154705245
20152949329
20148125140
20141457232
20152469570
20156523407
20160626548
20150312740
20154936099
20147759700
20154115236
20149883888
20153615637
20158567717
20150046356
20143170375
20151163856
20151986881
