240296647
239701274
241147942
239265538
240424968
238991840
239995607
239028283
240901865
239799423
240228193
239610557
239519573
239462922
240624897
239516706
238486351
238984723
241374506
240385786
239263564
239323259
240048235
239959997
239830592
240618959
240696793
239482984
240773867
239440957
238774486
239202518
241068224
239305060
240162226
239617435
238041978
239256746
239737843
240318453
239662455
240792296
240212918
241240222
239690375
240847183
240165188
239303166
241470342
239270107
240074530
240487730
240592748
240050462
240348245
240527780
240819235
240181181
239603689
239104836
239344417
239107060
240901981
240245297
239942305
240903281
240384292
239516254
240076084
240314911
239671035
239226045
240244562
237664160
239203339
238379309
239567911
240373419
238888270
240018213
240845263
240693313
240413992
240462697
239880055
240012814
239371000
240839792
239007002
240650297
240525140
240092659
240820784
240739165
239855883
239242688
241399672
239747527
239040894
239284496
241434204
239350827
240332116
238847919
238192448
240327666
240467818
239732995
239470710
239808547
239476293
240053421
239918245
239879902
239428084
238714780
239196864
239041164
239077003
238783789
240501719
240473803
239479728
240029880
238868433
238869443
238911977
239540521
239161331
240275701
240284756
240226129
240106909
239896727
240848644
239388300
240402612
240189703
238654824
241045884
238402607
241336992
240316841
239513330
239193849
239154129
239171497
240602586
241690269
239279182
239650154
239478923
238937093
238893191
239883897
239974325
240930490
240042680
238918317
238854582
239194778
240218394
240449545
239897910
239382820
240413113
239868459
239649721
240030445
239510168
240163553
239220286
239699240
239815880
239678523
238808530
239656881
240406754
240244333
237672912
240378443
239918657
239735038
239977825
240288018
240003122
238751826
239224776
239503495
240137520
239262593
240492719
239287549
240664673
239137352
239449372
239947558
239983390
240224908
240230455
240686646
240321542
240175215
239053240
239302228
240285378
240006220
240932328
239140598
239694116
239500719
239768288
240495218
239190234
240056185
239306372
239312978
238449888
240908526
240193988
239523873
240263878
239934297
239090936
238187790
238432749
239453122
241207099
239792275
239737301
239424714
242118575
238086276
239339592
240488034
240579782
239765008
239858402
239895062
239477511
239902084
239991786
239626929
239843335
238578566
239032729
239479922
238288822
240128362
240207259
239900365
240830868
238310862
239834405
238880171
240507146
241254448
239133452
239141160
238964916
239734704
239587817
238428966
239975946
239845297
240178107
238924990
239958923
239875848
239654607
239338780
239492820
239458576
240289731
239643674
239989054
239477151
239880916
239723754
239793182
239587731
239838357
238689059
239571603
239210687
238827923
239566143
239119728
239044938
238977302
239003427
239802203
239830819
240363249
239573594
240886596
239780297
239046239
238147380
240005707
239871039
239414748
239084527
240105525
238977978
240912611
239434492
238588271
239806363
239067630
239086805
238921920
238883655
239078707
239317752
240157397
238705097
238425142
239852406
238985994
238814172
240192148
240217445
239497288
239773159
239296780
240450112
240947339
238747800
239496502
239685120
238666491
238652733
239414155
239170736
240189033
239230797
239237760
238963988
239884522
239904933
238955162
239345591
239360377
239674006
239109599
240552768
239310920
239651496
240040372
239272685
239671956
239492338
239782590
239204470
239316957
238930137
239277795
239959085
240901697
239555033
239296409
238560009
238664443
239428698
239122743
240069363
240041413
239829013
238653200
239378193
239692789
238836577
239882709
239842057
239793434
240137530
238530678
239530856
239445024
239652710
238664605
239624520
240405738
239683645
240540895
240493783
239903212
239176431
240891133
240013322
239739617
239303882
239808619
240243526
240278421
238350146
240500027
239222061
239584178
239297095
238747456
239279445
238585543
239281992
239417400
239306668
240878531
239986058
238074461
239368152
239228083
239507502
239518377
239581576
240677315
239774652
239150418
238686605
239062166
238317366
239845330
239620772
240489968
240214078
239873321
238857414
240025606
239958890
239682530
239641257
239877529
239327403
239928533
237990695
238444324
238561476
239523218
240168830
239583350
239861080
238860289
239378547
239528143
239668723
239575379
240188209
239918762
240513962
239849237
240617517
239340213
239567645
239953555
240767983
238756526
239233558
238683653
239801116
240589541
240015124
240011325
239892976
240025635
239745529
240402504
238963116
239272544
239994032
240069778
238756284
239272571
239554436
239869482
238909285
239951090
241188585
239491019
239980178
239025988
240453520
240742621
239159186
239265670
240555664
241111541
238964046
240091860
239821405
240045437
240124380
238890209
238308087
239799481
239160435
239483434
240616613
239818389
239658697
238505448
239794014
240635895
240102757
239135437
239062884
239599981
238629022
238703985
238512862
239013683
239271759
239575026
238934945
240165447
239715503
240261602
240349338
240531094
239046420
239928576
240448550
240693626
239300940
240174029
239439965
238937349
240829200
239430579
239418265
238719713
239159410
239557637
240124843
239876714
239676179
239715972
239512321
238271527
239363623
241371783
240309161
238060950
240098692
239021699
240112701
240204296
239998117
240093688
240074296
238168302
238945246
238835376
239850959
239379208
239534078
239368139
240262709
238903629
240307541
238789696
240438443
238868706
240614094
240806784
240667487
237930737
239522547
238978961
238280217
240049387
240770107
239794153
239375786
239319576
239896837
239700486
239685837
240175571
240204566
239689667
240003132
239041265
239548803
238340358
240244485
239849464
241723620
241323450
240450627
240122622
239239462
238926467
239257955
239756456
239681001
239294946
239197981
239109461
240889919
238929168
239742093
239777314
240231211
238483591
240017203
239260550
239323938
239889088
239342680
239741419
240215317
240269641
239963292
239844891
240924796
239835679
239289398
238864488
240657058
239355849
239947048
238397557
239063041
240580414
239287030
240004105
240074201
238831596
240044188
238375417
240518636
239969771
239941790
238992347
239584961
239942568
239729276
239246307
239729583
240083870
239145089
239837585
239853929
239714683
239413362
239205650
240451397
240081494
238960096
239662742
240060357
239752544
239500167
240888379
239023108
240231941
240043558
239916602
240067013
239803677
238937188
239937572
239616091
239369662
240140531
239920354
240232262
239234048
239137024
238868964
240673219
240046868
240698375
239721144
239792479
239767560
239541607
239607583
239709087
240007518
239785436
239045908
239525864
239854649
238898854
240100438
240201450
238146517
239757793
240188561
240381494
239810418
239061438
237748018
239918466
239645949
240258363
240577267
241053753
239620905
238635638
241127520
239553479
239967477
239573448
239574120
238774097
239687636
239447520
240042555
240245338
239813568
238669735
240014048
239192091
240470623
238749566
240305430
241057318
240722438
240021497
240309934
239663985
241052806
240267468
240441893
240033163
239958022
240479271
239718669
240483054
240613683
239046436
240149183
240303233
239110854
239125221
239607287
240572087
240231940
240057278
240239437
240147902
240815549
239928805
239922893
239857606
241049483
239442125
239483877
239821259
239866150
240222701
240465923
240407872
241089768
240487384
240896643
240133209
239434222
239877268
240592236
239902931
240162658
240625815
239119289
241410113
240606402
239181642
240893042
239882775
239638089
238782065
240500740
240035745
239069078
239886729
239733126
239652591
240063743
240549865
240847786
239804614
240158003
239951112
240300067
239918707
240759439
240717914
240064030
238933046
240459116
240612301
240462905
239250688
241493651
240632886
240575630
240346770
239723536
240329023
239793360
239173188
240337132
238580997
241574229
240469934
239895576
239834990
239817577
239750786
240625507
239942884
240462304
239731903
241023295
240231871
240117420
240396264
239577632
239106772
239606606
240028953
239734130
240430551
239612252
240813701
240214858
240875125
240474474
238838672
239526200
240046128
240209966
240128491
240298403
239769234
240429898
239896076
240488319
240221793
240647641
240443500
239157271
239760308
239212265
240020137
240238216
238797013
238623147
239716296
239588721
241597026
241035937
240065073
239451922
240264913
240060485
239718149
239530840
240965502
240335053
239812438
240038572
239689606
240891779
238794856
239380869
240457439
238997909
239848210
239725245
239887126
239488903
240274426
240054042
239877822
239523133
241639077
241390714
240097897
240019510
239746080
239825460
239026278
240076791
241110641
239308132
240968404
239331017
240138016
239840424
240874406
239798379
240653767
239616567
239460766
240767574
240276336
239515220
240216615
240689086
239983232
239307637
239398931
238953076
238331027
239630370
240516476
241113697
239938536
240197391
238832169
239474495
240264689
238452029
239046648
239584958
241271834
240133669
239126119
240426384
239114440
239252772
240054134
239667297
240545979
239825587
240347190
239789291
238918610
240016151
240196537
240046670
240337488
240560639
239445230
240298614
240074825
240105653
240841264
240985354
240336945
238690766
240293904
239858341
239020753
239013302
240622240
239466895
240833746
239278524
238852130
239180723
240295450
239701587
240471247
240281793
240203282
239211697
240790209
239739814
240253090
238668909
238171770
239935865
240959849
240931215
239510163
240098355
239907198
239760692
241281802
239075682
240283218
241018166
240710482
239883132
240029306
239756006
240442574
240067453
240625971
239937825
239758451
240650655
240401959
240999475
240630488
241199295
240612232
239519588
240893415
240077345
239917727
239835309
240244613
241199496
241597321
241031344
238990295
240375647
240560579
240921428
240584513
239886331
241590160
239085504
240171548
240239692
240861381
240008001
240184909
239791134
240293604
238635127
240556563
241447953
241107370
241056169
239942048
239672959
240775198
239330881
240434051
239371114
240611168
240071598
239849323
240668750
240188767
241134290
239612535
240902822
239232909
241347817
239318751
240847306
240237852
240541553
239833710
240445608
239571384
239969118
240814711
239098930
239324657
239459465
240408011
240587045
240977616
239946386
240917887
239973118
239999713
239883062
239759256
240658417
240957666
240515368
241186327
239631515
239532689
240996110
240970026
240590909
240000493
239383639
241296085
239955571
239421924
240081605
240810652
239289807
239895441
239996577
240084788
239959762
241447760
239440988
240476205
239701064
240562530
240430280
240570471
239872040
239113888
240986197
239644959
240030735
240340915
239907819
240445282
240331523
241481469
240239072
240278524
240607819
240117902
240309279
241111664
240088263
238874141
240242766
240097644
240809495
240939699
241581971
239916795
240711170
239369437
240496250
240788314
240793692
240892835
241548877
240072662
241206808
239098284
240394601
240156392
241122926
240209958
239346917
240226038
240159208
240506577
239046367
239303899
240665493
240416912
238477826
239710203
240743532
240390514
241018015
239675728
240237278
241517982
241316047
241166483
240547474
241350815
239135888
239403335
240042772
241365511
239785311
240916879
240888688
239371126
240314841
239841464
240499773
240574938
239145824
239504830
240420923
239953906
238796652
239862038
240164997
240027614
240741277
239332625
238632486
239768718
241056263
239514650
240354326
239550989
240258244
241047765
238798487
240411815
239511832
240042211
240735378
240213658
240568185
239999932
241229445
240736340
240422719
239672315
240432394
240379350
240659475
240946358
241611547
240579723
240170112
240477712
241743822
240051593
240904307
240358713
240161372
240793305
239553625
239949687
239150163
239199362
240155872
240903854
240205487
239570850
240789251
241242199
240323792
239831844
240094618
239917296
240552795
239914404
239533308
240372865
241143313
240935219
242144496
240722560
240716843
241394452
240361390
241383577
240820436
239701289
239341068
239379182
239545004
240026218
240895489
240538875
240527247
241407976
240853233
239935260
240348230
239962526
240632803
239432525
241005326
241355542
240442375
240597763
240920859
239908304
240463906
239784092
240177943
240439025
239846839
240746256
240527426
239460057
241044779
240224851
240255225
239892468
241204517
240631538
241084393
240245657
240645465
240097075
240353691
239947983
240853375
240363633
239732292
241406652
241102749
240282286
241113227
239757290
239261540
239904526
241021314
240029328
240541612
239842583
241052312
239414899
241001612
240300015
240164463
240984237
240332353
241103585
240471175
240191703
240974333
241590239
240126460
240362925
240328302
240985769
240617464
240213332
239570626
242267835
239727013
240036616
240668828
241212714
239400105
239610491
241383348
240254088
241166890
241618573
241042155
240586442
240860654
240965044
241694172
240997100
240573088
239596651
240891458
240456284
238980205
239687058
241795855
241090811
240314885
240377395
240940246
240482263
240739277
240617613
240196145
239525421
240713248
240086939
240011411
239708811
240614881
240175156
241069620
239681253
240329699
242174065
240397356
239901379
240007755
241611613
240762536
240060942
239409484
240216096
240448549
240708930
239765290
239552278
241812769
239871900
241188239
240589488
239926014
241081662
240942650
239003448
239793996
240573256
239821062
240942235
240070508
240016323
239916009
240095238
241350853
240667587
240783584
241839446
239950538
240141728
240571276
240608666
241360147
241501302
239437990
239623092
240699173
240531539
239983783
241426320
239495408
241006943
240401250
241230195
241206367
240165763
240206935
241593966
240618180
240933842
240831982
241127003
240745307
241819215
240447556
240343120
239584058
240959385
240588679
240181980
240644651
240775188
240361566
240440010
240125174
239352659
239791985
239712419
240637185
240831844
240575091
241127239
239926028
240500186
240201401
241084708
239525945
240365432
241060178
240112944
239865336
240896740
240672453
241150085
240804954
239996131
240717186
240715284
239931062
240242042
241424201
241077692
239606246
241171946
239138216
240598985
239818287
239772022
240536843
241234904
241041938
240529754
240072993
239939796
240005270
241294557
240337101
240126357
240243742
239972434
240446929
240218962
239727729
240248404
239661880
241300067
239875590
240707086
240443571
241114375
240025844
240736632
239555728
240963258
240610583
240846690
240268769
239662264
239169430
239754799
241654212
240473615
240959533
239849177
239965404
240522151
240598048
240282363
239074323
240472075
240804002
239823652
240055618
240967670
239980877
240457615
241036486
240142228
241240144
240186123
240952138
240301100
241048463
240645367
239233472
239373161
240327897
241510124
240809265
239844054
238972017
240177469
240786451
241552638
240050853
240398462
239020173
240011765
239822716
239950291
240471640
239904990
240612805
240875795
238768343
240283335
240486013
239937806
240212534
239643513
239341211
239639267
240529439
240242033
239962426
240855960
240630003
241296925
239710468
241865508
239840045
240004757
240093349
240034713
240741573
239639392
239414819
241049599
240825795
241181717
240843532
241763236
241024344
239799349
240520815
240534996
240185793
240206065
239251302
239492716
239891797
242078115
240968128
240450509
239638140
240170354
240665783
241109828
240329207
239861503
239710764
241346391
240414192
239621028
240551429
240311838
239131438
240049352
239961426
240375224
239840097
240635284
240910289
240208587
240364763
240305625
239985233
240848594
239792000
240015393
240625635
241472524
240831829
240959040
241009245
241182904
240006593
240624499
241288371
239786075
239776151
239827760
240528012
240054336
240145332
240193166
241514212
239787809
239864554
240024493
241646903
240896347
240692486
239807919
240878832
239525492
240997991
239392671
240207438
241523989
241270866
239971600
240733612
239708786
240410320
240235198
240535177
238421332
239503508
239345922
240904712
240088214
238936209
240126939
239609065
239897304
240175332
240773636
239599178
241562831
239732293
241515688
239677993
241136405
239861193
241148700
240311600
240447432
240884304
240768715
241564744
241992326
240705201
239814945
239873119
240945702
240267871
239962137
239752500
240239324
239714142
240777417
239775782
241471903
238904529
240724904
241136846
239610273
240326580
240408568
240150959
239541536
240721610
239497228
241038484
239201303
240154920
241072924
240873615
239265193
239257116
239752324
240215958
239862356
241049480
240271130
239995795
240198080
240319068
240074194
240546669
238691241
240650213
239799090
240520067
239609013
238721284
239263584
240128457
241212422
239986076
239762574
240169978
241489563
239752369
240147583
240451906
240175748
240498889
241361273
239867468
240109775
240123391
241135701
241131890
239949866
240203358
240552697
240816743
240434391
241379445
240026042
239342303
239283303
238465509
240857770
240677474
240597064
241000064
240555786
240213201
239417606
239408659
241455686
240890986
240178787
239872264
241213803
240493627
239531563
241118400
239766666
240752385
240744253
241051516
240197302
240810149
239570331
238902175
239364372
239345334
240688409
240413806
240270057
240133319
240200847
239720663
240149823
239269272
239969687
241293538
240505685
239819390
239812287
238523661
239497973
238929675
239675446
241031689
239648549
240576607
239510969
239194091
240251339
238672527
240551562
239436230
240157928
240667026
240433905
238876808
240466813
239244791
240029287
241337998
240260956
240554271
239747457
239967083
239818513
239276313
238541931
239668551
238513751
241266223
240090704
239445610
240296467
239443246
240644862
240778357
239274122
238454519
240676752
240310437
239429126
240931322
239301135
240582196
239643765
239835432
239726529
239372403
239822618
239766042
239806406
239199650
239083093
239299401
239399308
240161369
239814652
239412990
240910379
239895468
239956570
239704587
240196942
239558374
239540996
240459492
239328078
239704771
238884709
239484255
239615743
239601367
239359301
240137706
240121495
240111006
239595790
239069883
239308086
240210530
239981563
239300825
240538798
239274826
240388686
239398852
240348719
239317364
241000926
240159165
239813078
240006431
239448519
238791850
240347894
240688945
239158262
239034180
239944076
240296677
239992359
240194186
239632176
240051105
239996855
240080496
239416380
239227279
240491784
238428428
240630181
241285546
239029767
239968401
240246591
241081294
240280944
238936181
239874065
239401204
239372462
239841147
238776548
238577398
239349831
239044206
239999996
241008635
239053848
239798849
238979980
240014394
238864889
239914422
240257234
239112727
241150030
239646568
238562673
239444477
240325166
241358505
239850735
240231141
239766794
239557989
239468387
237802258
240086718
240047739
238830393
240413870
240600405
240134668
240242443
237776190
239680203
240414618
239018516
239784911
240065180
238702138
240159489
240448588
239285848
240756973
238653397
239383613
238763618
239643945
240665153
240140175
241564947
239517846
239531369
238933123
240272019
239584965
239519334
239648511
240005383
238662914
239269977
239006939
240905574
240222580
239203201
240499885
240520890
239338629
239661970
239842540
239276471
239759910
241104627
238570724
237805536
240588748
240275537
240777088
239348988
240766422
240239078
239758338
240179294
239308019
239754785
239414609
240107126
239530408
239888236
239152245
240048958
241313532
239501527
240455601
239165276
239649162
239957780
239690785
240550172
240192210
239560938
239655218
239545369
239086313
238832834
240563762
239225600
238643377
238493540
240501121
239965339
241300766
240183578
239061067
239445059
239884375
239004446
240631642
240417858
240172966
239863797
239216565
239342297
238423882
238894677
239464464
238989397
239657271
240280419
240107940
240568185
240584745
240139183
239993236
239171192
239154781
239323083
240512207
239590217
239585286
239833621
241019422
239194488
240451622
239702956
242222623
240230395
240334839
239017145
239508651
238515989
239831581
239007868
238569181
240489920
239481081
238660290
239752520
239505507
240026527
239916940
239303701
239685296
240283839
239748236
239248076
239464344
240017780
239208937
239965618
239217636
239353587
238909113
239689257
239388475
240494816
238806480
240150367
238929233
239935666
239829979
239298006
239475751
238573400
239951257
239434786
240628634
238706580
240005549
239500224
240071925
240204442
240526188
239168888
240357590
238931977
240083171
239939053
239188850
239333326
239674594
239884681
239189187
239770005
239631639
239099750
239941850
240275427
239515645
240079067
240206356
240278553
239894685
241044937
240091396
240566889
239878847
240316252
239609838
239768597
240073857
240398020
239400647
238595537
240442854
241381264
240472992
240291467
240674426
239484057
240361997
240030419
240492886
239733977
239540379
238559449
239210861
240955881
238521293
240094572
238816519
239575762
239553313
240596637
240300015
239530766
239721308
240106281
240073841
239446894
239826878
239939303
239500798
239445707
238558591
238053240
238999539
240097142
240166331
240028504
240586672
239169232
239745910
240855712
239332732
239749935
239983002
239976757
241304547
240216687
240406482
240396975
239782330
238686906
239887486
239492254
240746003
239949241
239771919
240581720
241041353
239502582
239183261
238661337
240140822
239900298
240623036
239560188
240428615
240940704
240050481
239198256
238962684
239154880
239960455
239900889
238568654
241106535
240058042
238217102
240486553
239771035
239251604
239534971
239699076
240201230
239945148
239978323
240101634
240035040
241782803
239642681
239640926
240248320
239320485
239807214
240260490
240387501
241525900
241198949
240704888
240166720
238246237
240272117
239374803
241182910
240284122
239040691
240212550
239364837
239952001
239393305
239696350
239307349
239425595
240359820
239557796
239875065
239902364
240614791
240096483
240962180
239471977
239598360
239094362
240772364
240172548
240896542
240124016
240687525
240534559
240577096
240431557
240663111
239762083
241063045
238460243
240244475
239815272
239350147
240111913
239398509
240445356
239743235
240384173
239798136
239204862
239763765
239346755
239728729
240694332
239082446
240307028
240865778
240256180
240220275
240047947
239794822
240300948
240074576
240927850
239755858
239289420
239985727
239757582
239428182
240129912
240054604
240423687
240672210
240183892
240535133
239389669
240314883
239956596
240432084
239278570
239929402
239756016
240429206
239580551
239861010
240286158
242048217
240040427
240486458
239448981
240525437
240003140
241198198
239766043
239650118
239600799
239944518
239848794
240507038
239483411
240926227
239990798
240741413
240052099
239529498
241724817
241011606
240799415
240848284
239931680
241492161
240487211
239771377
240803568
240458224
239315592
239829595
240830449
240031917
239493291
239416632
239512173
240299993
239362272
239997318
238807038
240249653
240340752
240821134
240020561
240312915
240919237
238883546
239707170
240908049
239395172
240602957
240071326
238773109
239963235
240020705
239576311
240430040
241006070
239864813
240706217
241428332
241020492
240096650
239375819
240431808
240470173
239167660
239622988
239339752
240710921
241792486
240033522
239911815
240712766
239480659
238933662
241465699
239973208
239044240
240751538
240424645
241474290
239960821
239671397
240521729
240774290
240370145
241451162
240337249
240114381
240473690
240939894
240327676
239044517
240358792
240105192
240609258
239378724
239650239
239988756
239711907
239427653
241487107
239563792
238448922
240170797
238962593
239060131
239635473
239659938
241028936
240780004
240138592
240392379
240134431
238800912
240217964
240493197
239636172
241037403
240329223
239943466
238693548
241048645
239748011
240527819
238701743
239306372
240058061
240727960
238918228
239182103
239778749
240242761
240320409
240124901
240471923
239141782
239613730
239829971
239473596
239542091
239706854
242044906
239756107
239586142
239387511
240215078
240233198
239510140
240069638
239695769
240094332
239695647
240156163
239396548
240096300
240351627
240564242
240218547
238862842
240760212
239586217
239817262
240164098
240046728
239189734
241203197
239370737
241282832
239891163
239940940
239717253
239899943
239913704
239850502
238680424
240063988
240273813
240810460
240657364
239338885
239465569
239511657
240341422
239387644
240395776
238974275
238867137
239217802
240453458
239491961
240907208
239605197
240713061
239336282
239780161
239803627
240118708
238873754
240889248
239698060
240196624
238795123
241169634
239625398
240300960
240452326
239729880
240093491
239971966
240108079
240720897
240050160
239909051
240694496
239800256
240051825
239847265
239631430
239972389
239635988
239636363
239543882
240075071
240491947
239130298
240122388
239708681
239924799
239835616
240933846
238601093
240095740
239884331
240382269
239190788
239788940
240016848
240847985
239738401
239037332
240608055
241152083
240131910
239403058
240477661
239289742
239321447
240767331
239639526
238630956
240150660
239674808
239488747
240036096
239264493
240147364
239962719
238996756
239711656
240650668
239558310
239823236
241759462
239793449
240297566
239530512
239977178
239465881
239412206
239592506
239636123
239284873
239382814
240590476
240843812
240323441
239960624
239937901
240407423
238909784
240576912
239376655
240695157
239282175
240131808
239894999
239929407
239330251
240924600
240079510
240475321
239427025
240224213
238495596
238834378
238817752
239105396
240097115
240165289
240082656
238406457
239825450
239692064
239399163
239836102
240966218
239431496
240574623
240172141
240148856
239932128
239004930
240659676
239297109
240042508
240350229
239117773
240211207
240190659
240577446
238040155
240249828
239841829
239118688
239413778
240271935
239946822
240306307
240450465
240924574
239476733
238564018
240944605
238799295
240503383
239012792
240243033
239219180
239525028
239563674
239784007
239260057
238813038
239610435
240348075
240374890
240139914
239609152
239527024
238398379
239483392
241290615
238935928
240111697
239624513
239678031
239790709
240751077
240512946
240237801
239588603
240328720
240228290
238488293
239307476
239498833
240185730
239780185
240112258
238862391
239891794
238663976
240175037
240485238
239516289
239630837
240060310
238930982
240153460
239470754
239293478
240341034
239324350
240229925
239692427
239866403
240425293
241176244
239917619
239948086
239213976
239678460
239003459
239986052
240593335
240345862
240004476
240385104
240053034
240758692
239894645
240690334
240263094
239858708
240009939
237800525
238990948
239853999
241582566
240278228
240619234
238942850
240281946
240064875
240060923
239556798
239291831
239573297
241107687
240408196
239474887
239308962
238502920
239145055
239389406
239776657
240414760
241150446
239858740
240026016
239587351
239197002
239850883
239906762
238022160
240461296
239639452
240123914
240510445
239452458
239386839
239309882
239189458
240027716
239158686
240460500
239773189
239895928
239495409
239583061
240848542
240354436
240730790
239998655
240943405
238821089
240453058
240146893
240975700
239696134
239979253
240568414
239564952
241246330
240717149
240356607
240405605
240320849
239338082
239717265
241223554
239626461
238071869
240564198
239665766
239861895
240052340
240407360
240198926
239170247
240343672
240417645
239180047
241204759
239678623
239476293
240469486
239334161
240590167
240092791
239309493
240632375
240732110
240347686
239355218
240381090
240559093
240402983
240750676
240049091
239835092
239082762
240054453
239045403
239969953
240583070
239800864
240540350
239350621
240100272
239735179
240012745
240443323
241493402
239514193
239666462
239925978
240415308
240460773
240525578
240080618
240069177
239341508
239486612
240128501
240365750
239031401
240308464
239968495
240315986
239099256
240745439
239248310
240439588
239813830
239958250
239912333
239052409
239355854
239122661
238736840
238985126
240793456
240229271
238864940
238652888
240083816
240437684
240224377
239893312
239352205
239002894
240997022
239220577
239913425
239065109
238580984
240083620
239529942
238664530
240283532
239054745
239755020
240523352
240428813
239621812
239948744
241221374
239313105
240789830
239529388
240727951
239139305
240424152
240461020
240038721
239928992
240339152
239646190
240425427
240667182
240462680
239296770
240024610
241460127
239554687
240296181
239794465
240485511
240065608
240243884
240003930
240122320
239860568
240548710
240058711
242246710
241448900
240557110
238880518
239726524
239924024
240199562
238334844
241026668
240874411
239933304
239427036
239720488
240202267
238939939
239781740
239953531
240554340
240523211
241067061
241257722
241105704
241169878
239313658
241226759
239796194
240779795
239655507
239258534
239033134
240989888
240258291
240883883
239862271
239868605
239534673
240065171
239527001
239629486
239522663
238829348
240121308
239582946
238655602
239850446
239474895
239785011
240932570
241059087
240186790
240960117
239789355
240852999
239302239
238780600
240991844
239755868
240097808
238873561
240126707
240651166
240787719
240452368
240245811
239980401
241069418
239417062
241125238
239985777
239328565
240746304
240319599
238438529
239084169
240449384
240485221
240103435
239788574
239533108
240247056
239856069
240551129
239422018
239477489
239361967
239786937
240328206
239799637
238818891
240630088
239937197
239832258
239179676
240337386
239897201
240217653
239492875
240438388
238982815
241058673
240712232
241350932
239812501
240174203
239973817
240914751
240776496
239253092
240176287
240077608
239640917
240402027
239654385
240200410
240836503
241144582
240872313
241155741
240913714
240019116
239469362
240653923
240578022
240910234
240717992
240669541
240116710
240516058
239392577
240098065
240101013
241259391
240219865
241141729
240137420
240330566
238383924
240689640
240011583
239874235
241509641
240466644
239880018
240111107
239518829
240659254
239628650
240768225
240274981
240273479
239751127
240651834
239306047
241699990
240400970
240512050
240392137
240969711
240788980
241714989
240369236
240842448
241472735
239575996
240324468
239192052
240199852
240051588
240038700
240360717
239514376
241295273
240142809
240160508
240669763
239426645
240025923
239947492
239827968
240387142
240230340
240549285
239548309
240368997
240019345
241256470
240381456
241883050
239811227
240146004
241165780
240659687
239980553
240822381
241113684
240278662
240063489
240474245
240707135
240507296
240205064
240110289
240162907
240785193
239628879
240392732
240531374
238778365
239001405
240506237
240838205
239634096
239644009
240465717
240999753
240517140
240146119
241088944
241380983
240430369
240004104
240923935
240564372
239668613
239635562
240363652
240740325
240718813
239571571
240093814
239762311
239632664
240734468
240305745
240549770
240095966
241623251
240548624
240486654
240888381
240418720
239319287
239680018
239899608
240480181
239684479
239484077
239793777
239428000
240203643
240227082
238882791
239823222
241025576
240476924
240441550
241640003
240494278
240718384
239764689
240302889
239937476
240698080
241068644
241426570
241330395
240254091
240590611
240936918
240656431
239885913
241642182
238665754
241797084
240210428
239760427
240324726
240674879
241069448
239465598
239980241
239475449
239084779
239163056
241286009
240492336
241530572
239837816
240557619
240276806
240065876
240189918
240371120
240336569
242029576
241040278
241265795
240794775
239728507
240165361
241479604
240369117
240456842
240170908
241315892
240470760
239575873
239306587
240498530
240234141
240127582
240236593
238747521
239433351
241451612
240370665
239867609
240520297
240965980
241112919
241351925
240049893
240307303
240571640
240637922
241453627
241014498
241453794
241496592
239811582
239950754
240261395
240734809
240751707
240333761
240585908
239061123
239533753
240932458
240661768
240206660
240554282
239511937
240636654
240114735
240427164
239692889
239684462
241109022
241544595
240672186
241705850
241538701
240787021
240439210
239700223
240847871
241146787
241323953
241302139
240609035
239536732
240146108
241009695
240727019
240175571
240904013
241135912
239745499
241300842
240649186
240579216
242287273
241363152
240215914
240230762
241173035
240979772
241046857
241257592
240164406
240596665
240050179
239895966
240916498
239706994
240509636
240353026
240661365
241530297
240171789
239621921
240226316
240306295
240587952
240362807
240635166
240332743
240595750
240545257
239876778
241083708
240897830
241055927
240056376
240772923
240469320
240440252
240799226
239321995
240445601
241108854
240415112
240227206
241058531
239664399
240070423
240685627
239987953
240662093
240121340
240982490
239945737
241130726
241020154
240629665
240681155
240972975
241619476
241139883
241151308
242269569
241020533
240497994
240630653
239666823
239273959
241776190
240575903
239443572
241038322
240357614
240198522
240777807
240195300
239053934
240445575
240937263
240066049
240422135
239566742
239561201
240893609
239935583
241111428
239746977
239540525
239983813
241138968
239525252
240200558
240251162
239838923
241797311
241560368
241601827
240494694
240958932
238621319
240709286
239983850
241369973
239919572
240763730
240759506
240502471
237906211
240700688
240674652
242331737
239951864
240156885
240976674
240414454
240393240
239371422
240414843
240320927
238936666
240496725
239976927
240744520
240540873
240087548
239487036
240987339
239877681
240864805
241546694
239503300
240547576
239986734
241242092
239852331
240680914
240754513
241657614
240803892
239140187
239790785
239831877
240673569
240743404
240110067
240256335
239660955
239614492
241356090
239292300
240694788
239772521
240719812
241209232
240335566
240201063
240249383
241582886
240869473
240896376
240133212
240550099
241405863
239454334
239945501
240600701
240640103
240410750
240457953
240339070
239293610
240565751
239803243
240170613
239669497
240761040
240068472
241407119
240264443
240073245
239746321
240600315
240026286
241089510
238852413
240790984
240336254
240399999
239361417
238921232
240299534
239424592
239660210
240575937
239857372
239556660
240131154
239779648
240773218
240662692
239403457
239712511
239456859
240777797
240232639
239869120
239808476
240695701
240781192
240156639
239927654
240132682
240690490
241563230
240204560
240167759
239533457
240175219
239407194
239313206
239859402
239059323
240983958
240526060
240019298
239206754
240001230
239989035
240852604
240747298
240225655
239434835
241386960
240213804
240593623
240932752
239234523
240014203
240344886
239480248
240329631
241013924
240925129
241429331
239440220
239738834
239408167
239883987
240213058
240670252
240120515
240484770
240515057
239916803
240010468
240199176
241358765
239306091
239399844
240244349
239863776
239783737
239133390
238853957
241030536
241143523
240068378
240021723
239189543
240056532
240302640
240009485
239899661
239911955
241004493
241194660
241254713
240231131
239632390
240863917
240699410
240284845
239664902
241536781
239212378
240213209
239602540
239984098
240489348
239684139
240341510
239318402
240132912
239749581
239872943
238919996
239452889
240099927
239893089
239713051
239096539
240534264
238803116
239126307
239976829
239352641
239418284
240020379
238977193
240763847
239603015
239505790
239513080
240883942
239335304
241053624
239799825
239360191
241264063
240659773
239146724
239310514
240175284
240311344
240231698
240160385
241295921
240845010
240341846
239825369
240749640
240209822
240294853
240662410
239835219
240667787
240501494
240497101
240181796
241699673
241528488
239394814
240058356
240582939
241539141
240351133
239884761
241357663
240350335
240528413
240359875
240908662
241104410
240874065
239545724
239869015
240162046
240697712
239621213
241035113
240266149
239820512
240242334
239830141
241134444
240143478
240181552
239691271
240111374
240667588
240360869
239434004
239922369
239366629
238213892
240883211
239675553
240678822
240523587
240079654
240034190
239371367
239860303
240944858
240064535
238502924
239694617
240139833
239914165
240907182
239783265
240200554
240744143
239826608
239942373
239554259
240379334
240436956
240023514
239727381
239305616
241332645
239789027
239862439
240327893
240194400
240051818
240278723
239449253
240535754
239734053
239586304
239535980
239471899
239442964
239631099
238115404
239848078
239847116
239296666
239733729
241124549
239866342
240291304
239435303
241131984
239675987
240606231
240643527
241481796
241260221
240184779
241151075
240536129
240233207
240717010
240669419
240654800
240120712
240599876
240707920
240675038
240517562
240580462
240174057
239539660
241094997
239758185
241004066
239454555
240478627
239428731
239808211
240780485
240325167
240823277
239799659
239927703
239063964
241486133
239494599
240310183
239484033
239885044
239452567
239869994
240216735
241528671
240027507
241037022
240867389
241037365
240961202
239436437
238483348
240051266
240875959
240772623
241445700
239968335
238639314
240425729
240418299
239461341
239197191
239308891
240232577
241174162
241654337
239568894
239474810
239498969
239372670
240617434
240468632
241183015
240303177
238775728
238919199
239728285
240617033
240473639
240357529
240822775
239931036
240096130
240571881
240174929
241419853
239609765
239034503
238905369
239583630
239986433
239491486
239519622
240406917
239818333
240641538
240412829
241180567
240330144
240809770
239830939
239380040
241244279
239724942
239828136
239214857
239357093
239920018
239888692
240465803
240364729
241443657
240472395
240422639
239392669
239442160
240787721
241142483
239950499
240069269
240522146
241273661
240376704
239485332
240844349
239703231
239830524
238987314
240582991
239478679
239138190
240559754
240263514
240416336
239907251
238843999
240482162
238782428
240039716
239784194
240591351
239307027
240878561
240482844
239879647
241214009
239236945
240800780
241249551
240212249
240705190
239801829
239342330
239663330
239683143
239752244
239573539
239316258
240316024
240473360
240939208
241184285
241693065
239049985
240098571
240334530
239398882
239073235
239661403
241267396
239668759
240411987
239774604
239158485
240222231
239419248
239319760
240162994
239795402
239960404
240655631
240057833
239657076
239402277
239461501
238490407
240294680
241685731
241048758
239423954
239252826
240426311
239844070
240672768
239662629
239521042
239406506
239923214
239276168
239341668
240297441
240382228
239815440
241006114
240222293
240799705
240452865
240784918
239417868
239353114
240645701
241666968
239660947
240482111
239436991
239854943
239775456
238555488
239996926
240483470
239184799
239795906
240392844
239797523
238848975
240112860
240101747
239232913
239933728
239600838
239198367
239280710
240035031
239357208
240042509
239153916
239559317
239603483
240225905
239405263
239665077
240847889
240009147
240419841
239545737
239767692
240410653
239796360
240266174
239749416
239520745
240394043
239354919
240433077
239324995
240026889
240961005
238972885
239148421
239834553
239033514
239493736
239246302
239949761
240474863
240071565
240695261
240392450
239079008
238375666
240865854
239594672
240343876
239709541
240180714
240503215
240234838
240451990
239311511
240326756
240479539
240552988
239071833
239572952
240513991
239375734
240195855
239926458
240648658
240146179
238476745
239866667
238882211
239951574
240432619
239581569
239836753
239314437
239844726
241460864
238383662
238710002
239602425
240832342
240180415
239514405
239645155
240201089
240970496
239918989
239424736
239142443
240366160
239469845
240325390
239783900
240006821
240225602
240116491
240277219
241188551
240858673
239598956
239015853
239421785
240259261
239823384
240128909
240399665
240061736
239273561
238865003
239312005
238545716
239550455
239328635
240583697
240441665
240196486
239609003
239775009
239851173
239364601
239948826
240433361
240889608
240274987
240576173
239521028
239869939
240400005
240177229
240121477
240285973
241349681
239297024
240335617
239978408
239246817
240340228
240065155
239915070
239068787
240426182
239317464
240186456
238826971
240916832
238498591
240834307
240113391
239236257
238894998
238335454
240020981
239402504
239821088
239909085
240214635
239769871
240996609
240221787
240719413
239790138
240257624
239061541
240148422
239777589
239338122
241216589
239383063
240017778
240509092
239248751
239850224
238417343
239911476
240208197
240312307
240047476
239737803
239005099
239912756
240449032
239108257
239190718
239151103
240626125
240343137
240092159
240744906
239769692
240787351
239479054
241376108
240630842
239387197
240355380
239919098
240916196
239503241
239016668
239026070
239770133
240837708
240515802
239970366
239863735
240557338
239892068
239430420
238954013
238822507
238852781
240052230
241045870
239987856
240037498
240562724
240777699
239366411
239915727
239845240
239906906
240680583
239855276
239423592
239193097
239101883
241784125
240444724
239980860
239050601
239947810
239058107
239075471
240388300
238468515
240084016
239758681
240680690
239710386
240050815
238845576
239765340
239825819
240353184
238375391
238862531
239209313
240570171
238180701
239267551
239702745
238766763
239566676
240278788
239580732
239645766
240307446
239320997
241198836
239832648
240607447
239395521
240073978
239626959
240131481
239833445
238883395
239847462
239705710
240513929
239839763
240659334
239690930
239809066
238262580
238494984
238840451
239012361
240097230
238858697
239024103
240132342
239818624
239242968
239408889
239870255
239195829
239696893
238991948
239819073
239156988
240317103
239854300
238874107
239955809
239744853
239064409
238588330
239165068
239214945
239813979
240539572
240123124
239817105
240026914
239392887
239205391
239128055
239546069
239199831
239109930
239631003
238834292
239710731
240535625
238778065
238243973
238418644
240366940
239546657
240318508
239669719
239837404
239374833
240174961
239965673
239720286
239261270
240207807
238947769
239269455
239047594
239115503
239843272
240000993
238729405
239021273
239558339
239524815
239113557
239470618
239574458
240329534
239752936
240546520
239497820
238038002
239257337
239330943
239539415
240199837
239847754
239323475
240276440
238894198
238770492
239895870
239879420
239859766
240233400
239985561
238935617
240111957
240486579
238556738
239745556
241059917
239396479
239842858
238731130
239508411
238536291
238905768
238995158
240802234
238765022
240148214
239532770
239985306
239541192
240183796
238946264
239062480
238985264
239300360
239846367
238710110
239105631
238494344
237741508
238819339
239443433
238891599
240277855
239234761
239677649
238459919
238183151
240038482
238132502
240317535
239035043
240233356
238473297
240186398
240685105
238856948
240082296
240431051
239565165
239267384
239748539
240386452
239661969
239933407
237871653
239904603
237326966
239494214
238719313
239540117
239269626
240958442
240045363
239428705
239806781
238899800
239375188
239218609
240980176
240266310
239366077
239519777
240534262
240070426
239574995
239683924
239021305
238206892
239694079
239760271
238560309
238152000
240297292
239940190
239131162
238907014
239479138
240338880
239339538
239645582
238163875
238807007
239484989
238821939
239474289
238929396
239537415
238856709
239147735
240685140
238692299
240167659
239523903
240219993
239255164
239002296
239931317
238986520
239946551
239706642
238338269
240428399
239321307
239413825
239999744
239394242
239048460
239855275
240200403
239864485
240109122
239864640
238166943
238855163
239774666
237601876
238149244
239619458
239447625
238265917
240424001
239342618
239673506
238463544
239653088
238879953
238382820
239504035
239459944
238018115
240218868
239191622
238762630
238395360
238880329
240059945
239303301
239345019
238649271
239126882
238548193
238969344
240102455
239160986
238602862
239371515
239273866
239357777
239380774
240777880
239320742
239325115
239550376
237869600
238984964
239602725
239718427
238504819
238534449
238146101
239607807
238890991
239699550
239418266
239145086
239840913
239134595
238718516
239443070
238821257
240690789
239185733
239060609
239613771
238895802
239801878
239077960
238284236
239900073
238850462
239828876
239801142
240560619
238513949
239538449
238881038
238292379
238732882
239073138
239403704
239163015
238836695
239154672
238685648
239345859
238502803
239583524
239134010
239902238
240809795
239715924
238397966
240698731
239131263
240101987
239205618
239772708
237269512
239315165
240262200
238677359
239094752
240064140
238718236
239228179
239355213
239695572
239739730
239728982
239175290
238875786
239014224
240462090
239321824
238991856
239076992
239909095
239799375
238276403
239672313
239216183
239307831
239265805
239344663
238539850
239604053
239167892
238825072
240344965
239157925
239270779
239225240
238834965
238833347
240125227
239578090
239600293
238279563
240384276
239173206
240163713
239420116
240863513
239625498
238983204
240368551
238938713
239531780
239051299
240373036
239519982
239682698
239240580
238932185
238843815
239355434
238861230
238819437
239399836
240062165
238967551
238910757
239422015
239462707
239207229
238870643
239466066
240001791
239437993
239545220
239205658
238938478
238171976
238784281
239343979
239175304
240729068
238498460
238427039
238806701
238453983
239914122
239470753
238494903
239132675
239102863
240282439
238432593
239101969
238580770
238214135
238250408
238518686
239249872
239763126
238936273
238668464
238411919
238062687
239602455
238396215
239835898
240096053
239139924
238785693
238517349
240006592
239595947
238841152
239705308
238116374
239547645
238470649
239521077
239389752
239602172
238140464
239121034
239142262
239915354
240240499
238978872
237851902
239618728
238746026
240399178
238751491
239915059
239436516
238929289
238740550
238664580
238743078
239287077
239842340
239675170
238856625
238757495
238797585
240149821
239053526
239182245
239059973
238539437
239535566
239317836
238988460
238971527
239205891
239294374
240575372
238727453
239642433
239413791
238466604
238660419
239718481
239068580
238213731
238784269
239582564
238228365
238156052
239259546
238679409
238597271
238815394
238727774
238905489
238537272
239266635
238431637
239075204
239534297
238905947
239529651
239461770
239645173
237627197
238281918
239501657
240020678
240032193
240060675
238276371
239559143
239512710
239876496
238170369
238715272
237811634
239181484
237909221
238428003
240227322
239249537
238847905
238800442
238871545
239285458
238172030
238756967
239770462
239635517
238357713
238768346
239279096
239536069
240401177
238943263
238560330
238964247
237992867
239686648
239446589
238699702
238905264
240303446
239653464
238142538
239978355
238059787
239754072
239218146
240774256
239390884
238344080
237847696
239167230
238950427
239549252
239391190
238804352
238980402
238792326
237894014
239251836
238959084
239022078
239664819
239555868
238128505
237842200
239335164
239047399
239030933
239972885
239388225
239637743
240224714
239548129
239187859
239259005
237755389
238260708
239269077
239181601
239241232
239578888
239475998
239136849
239653424
239231347
239603566
239657251
238100933
238941490
238575097
239729295
238627878
238049082
238290127
238243518
239242507
239160853
240147612
239332681
238802819
238869082
239213353
239511906
238659123
239081542
239480388
238752878
238933012
239489071
239835248
239301238
239127690
238736214
238645737
239647653
239103988
239260302
238553428
239190898
237413776
238973548
238357001
238408746
239801814
238974408
239150575
238534637
239424088
240792987
239332622
239788868
239157349
238507463
239497170
238868127
238756452
238062413
238791206
238990386
238644210
238967151
238840813
237970490
239640307
239349497
239537314
238506858
238677243
237976378
238430505
238627026
238745139
238096224
238217844
239422157
239809295
238312307
238583489
238528658
239326408
238992107
237963908
238859591
238792350
239268098
238789702
238091907
238994257
239132608
238621051
238759777
237952124
238668553
237976248
239194836
238489722
238310448
240192201
239289153
239599432
238341163
239642133
238294675
238914264
238841069
239075117
239523820
238200586
239293643
238986727
239684656
238976786
238756291
238724874
238630912
237529490
238521787
238391689
238326770
239545007
238340269
239148760
238204628
239593429
238700389
238571819
239096428
240019356
239481757
239592710
238948120
238507643
239962403
238555925
238996899
238954905
239790261
239564709
238589010
239885438
238863466
238237167
238421956
239508640
239128139
238363327
239128339
239519164
238947710
237175441
238884675
239238175
238688948
238331539
239114396
239629450
239706867
238906493
238904769
239956949
240345912
238229902
239184885
238572378
238867923
238868195
237870518
239877768
239647202
238708208
239459071
238398164
239692525
238511666
238754420
239004766
239042626
239315038
238295383
238170937
238868181
238006834
238600222
239443682
238592744
238958072
238521509
239699879
238570077
239220489
238215502
239550037
238616705
239033646
239212990
238114072
239396925
238407857
238973390
240200763
239058631
239328689
238337588
238865805
239392685
239595373
238796973
239432932
238375965
239065693
237232465
238735902
238174696
237508716
237853204
238056735
237777884
237627727
239010361
238835882
238601024
239057732
238398938
238210648
239941028
239570472
238978274
238800011
240409276
237679202
238973448
237927778
239275804
239453957
240903081
238719659
239362118
238780631
238850934
239071839
238768399
238449386
239024885
238326129
237700851
238411475
238670496
238999285
239629101
239895567
239065067
238893883
239643663
238506479
239460360
238621882
239737017
237671924
239682548
238875146
239107863
240260059
