159597404
160856973
160369251
159788442
159680303
161568907
160988899
160086947
159920986
160720938
160371118
159529116
160620918
159703881
159801966
160508249
160171958
160355431
160853106
160460455
160104147
160164487
160685439
160881656
160419600
160556178
160826843
160263236
160752269
161281992
160803448
160456215
160024578
160335233
159952205
160739117
160584759
159050821
161582746
160999051
160251174
158983047
159464741
160278398
160592251
159692083
159293720
158885015
160619467
161523012
160316658
160322470
159369128
160416715
159006944
160216682
159496395
159387081
159956027
161262347
159997253
159893357
160904448
159699065
160632797
160688634
160635184
159882889
159678483
160410655
159773291
160002606
161044652
160402097
160180994
160281071
160648709
159312867
160076602
159516427
161138078
160012830
160670800
160395122
160267348
160368660
160437519
160700874
160146511
159729708
159228871
159795004
160263406
160370493
160270631
159775230
159971701
159733594
160096315
160590627
161707833
