147013717
147529786
147853911
148247940
147407440
147894766
147067239
148290695
147888980
147711346
146815588
147304261
148220770
147575839
146934148
147735654
147851348
147466426
147821002
147725453
147522298
147527555
147783946
147352730
148150839
147963403
147938893
146788345
147712074
147349440
147348128
147614940
148022893
148178336
148300853
146869105
148351176
147551381
146999168
147787347
148616179
147462387
147649746
147642189
147105656
148428171
147703121
147263888
148387451
148459977
148203144
148251406
147528745
147633508
147888368
147325230
147058352
147590154
147745936
148818697
148040337
147167923
147656944
147019552
147442169
147470431
147869500
147718035
148190680
148058816
146437900
147451664
148558100
147304693
147693003
147120590
148273978
148262138
148192222
147423181
147421971
147637618
146546608
147234076
147873893
146998055
146661070
146383243
148357867
146962601
148021674
147271394
147084203
147423390
147977198
147785642
147655918
148134194
148237412
147594321
146988477
147451392
147520576
148059321
147678741
147554289
148785869
147320500
148133798
147343572
147542405
147845997
147774595
147853246
147213655
148038920
147581301
146832871
148216091
147416048
147585366
147351886
147787048
147599656
148087646
147480211
148732912
147031185
146864637
147487885
147789734
147785150
147936347
147201035
147447272
147680866
147279310
147488817
146943828
147511049
147517281
148048537
148227732
147869635
147849577
147826848
148334997
147580662
148803074
147207354
148153260
147228444
147248186
146463498
147315812
147522437
147202865
147310461
147919058
147402731
148169964
147807319
148183649
147081275
147970655
147887381
147725847
147776882
147124897
148119431
148269272
146807711
147679425
147947061
147549838
147256774
147336604
148134197
148338244
147436825
148310784
147397545
147711883
147196672
148016992
147805668
147215035
147570098
148147014
148476442
148414439
147473605
147892082
147122644
147496023
147981709
147342348
147591407
147240984
147460850
147410108
147032534
148766012
147651903
146890354
148025894
147397615
148746630
147120325
147936773
147457549
148198722
147104724
147482183
147562350
147672937
147240757
147836161
148827629
148039138
148316956
147588315
148932895
147390121
147580407
147537455
147401138
147321031
146733606
148540977
148060512
147792259
147989909
148587818
146785955
147549079
147778967
147263471
148647295
148004730
148222091
147458369
148025121
147618181
147565852
147569193
147617845
148386678
147883819
147337295
148417416
147267166
148170067
147895599
146952563
148789037
147718562
147754516
148089184
148070812
147212862
147087408
147243955
147586764
147867228
148530939
148806621
147497393
147427553
147843885
147530627
148117485
147367880
147651137
147661439
148100211
148081201
147040107
148167922
148150288
147758778
148060967
147567014
146920460
148173754
147824955
147589041
147487137
146965913
147929360
148046773
147846906
146683220
148286827
148571205
147824921
147861703
147707818
147971021
147211357
147417653
148558217
148365445
147614754
147208426
147658264
147359316
148296864
147912827
147435175
148017881
148245023
147583585
148383359
147599201
148219427
148477635
147009687
148056559
148088669
147091848
147441777
147809992
148292442
147617142
148596753
147538623
147792234
147668791
147969832
147439503
147825986
147838597
147316334
147328423
147811579
148233552
147590168
147012644
147613091
148273408
148648509
148402936
147692384
148797944
147313389
148373083
147151752
148845467
147571094
147149094
146890441
147798311
147992089
147172403
147791819
147830225
147825776
147758500
147262046
147190965
148508651
146514023
147348767
147728038
147017549
147569745
148703156
147317974
147364830
148042563
147686865
148161563
148152811
147996101
147095072
147336821
147872727
149140198
147725142
147311003
148317007
148113906
148222940
148018439
147162292
147282170
148198841
147347165
148710969
148132192
147566196
147616808
147925934
146540087
147423693
148493373
148019582
148612905
147348069
147578345
147639511
147557168
147072250
148013778
148193899
148635759
147498916
147549587
147417225
148065272
147296647
147826693
148124451
147716836
147790943
147263704
147289834
148247616
147263525
147245041
147373961
147222848
147576815
147350376
147971325
147498609
147601660
148135329
147630212
148173944
147344411
147440828
148136241
148043869
147096065
147500032
146706778
148908835
148321621
147617974
147491945
147246433
147250318
147738420
148793925
147057325
148298035
147506440
147289934
148547115
147136979
147778674
147504399
148025967
147193241
147451305
147871640
147649890
147164361
147241195
148285380
148591823
148692544
147575833
147242554
146694941
147555952
147872468
148118271
148611759
147428353
147324045
148226575
147551435
147900068
148231450
147152816
147910554
147344439
147179092
147826987
147224113
147497179
147832014
147754133
147696975
147498910
147087832
147070872
147264740
148243032
146927965
147289254
147665830
147537824
146751972
147108188
147731875
147268842
148614333
147148724
147537969
147374379
146844856
147801998
148162095
147759343
148151094
148631369
148647641
148152659
147928896
148322813
147832167
148604582
147577093
148508584
147038420
146758594
148258937
146845277
147098647
148218319
148036181
147321502
147385340
147294231
147220510
147255358
147271602
147470244
148016767
146790269
146847227
147699898
147713648
147214835
147965282
147939594
147310269
147417762
148303576
146899339
147740543
147864910
147639107
147043686
147180611
147661881
147816062
147443819
147719627
148239482
148154678
147445556
147116436
147408273
147407654
147420341
148193704
148301008
148130274
147170210
148011718
147501636
148950963
146674985
147871017
147400716
147786204
147225272
147096971
147386633
147981232
147439927
147085576
148386962
147558398
148380350
147499643
147412078
147771204
147914527
147247949
148112478
147613777
147212188
148128414
147663400
147769366
147010050
147486103
147105542
146850241
148424177
147376326
147315675
148356730
148206222
146834536
147217853
147269067
147262056
146986591
147698671
147801881
147661556
147712319
148442643
147383741
146960116
148669409
148110545
148470314
146974894
147370016
148236467
147467092
148066341
147088138
147981454
147329234
148509996
148162724
148229592
147535276
146862731
148496419
148382617
148258863
147697450
147471321
148093815
147938734
147509017
147874664
148057401
146693643
146640215
147360653
147285358
147810033
147303406
148033598
148191220
146945985
148131697
148520310
147012903
147583741
147755782
147751279
147119666
147408014
148561120
147806387
147914259
147170640
147553769
147547858
148007152
147709135
147041845
148385521
148228787
147816703
147900159
146556120
148589993
147879342
148249840
147329744
147449237
147344757
147179956
147682107
146703246
148761897
147804281
147579391
148051067
148094727
148898186
147604469
148293072
146880354
148361629
147328250
146855355
147343655
147478390
147560067
147277200
147767394
147614002
147934628
147554428
148256073
147797873
146947099
147587257
147457652
147122867
147511314
147563452
147161821
146941332
147047170
147692504
147631099
147265429
147598555
147877482
147266740
147208557
147143925
146937622
147394299
146970008
147944714
147076738
147248269
148007810
146963573
147267070
147213338
146584986
148294288
147783126
147694492
147119157
147699826
148674684
148353015
148228060
147806322
147364469
147647268
147630339
147207466
146712065
145921360
147555877
147131512
147089344
146943705
147700033
147235058
146985747
147360286
147697764
147642061
146067594
146991655
147892987
146970538
148173431
146951092
147635674
147538410
147143519
146822031
146783278
147811711
147309781
148516697
147669251
147033268
147827345
147156567
147409438
147776040
146828399
146744703
147066759
147449363
147349386
147546389
147499452
147713207
147017783
146417839
148380873
147533361
147596977
148125757
147752848
147775880
148534976
147711045
147916956
146794193
147611213
147584172
147293839
147658054
147432470
147826348
147533869
147878766
147404617
146140425
148742055
147885908
146714783
146622741
147058323
147046024
147851286
146336694
148115844
146891795
146792288
146998867
147910426
147574363
147244014
148576867
147079918
146801562
146985815
146278448
147790670
147169211
146999585
146651390
147979237
147317070
146500809
147209073
146987518
147422872
148156399
147896047
146489971
146783319
146877353
145894450
146796325
146970806
147539159
147094861
146714802
146724348
147421626
146437911
147670466
146442721
147546746
147374723
147098867
146689672
147801122
147636813
147992476
147544531
147876816
147594401
147893244
147272807
145873417
147314583
147753891
146566865
147409495
147725288
147405775
146989525
148015893
146398190
147376594
147089598
146902267
147100123
146658704
146661598
147133432
146756681
147363623
147784420
147417734
147685705
148620263
146665737
147179831
147189443
146666194
147371168
147226818
148008305
148169259
146811125
147153643
145901020
146239562
146963251
147874692
146973760
147282042
147179810
146865642
146914622
148060795
147242736
147136243
146969665
147528459
147548057
147824004
146895074
147385099
147346900
147148500
146418738
147354175
147294465
146852777
147117046
148505361
148163339
146935781
147431519
147823200
146716203
146162380
146414075
146914957
146759695
147437113
146801994
148381715
147068569
146643488
146507266
146844535
146827350
146393459
147964985
147827660
146884841
148077632
146631948
146756869
146503403
147819088
146938099
146214062
147085099
147230296
147146183
147310934
147544614
147126247
147714765
147996507
147374220
147629058
147234554
146750593
146878648
147365654
147002103
146891217
147146072
147123150
146445550
146618669
148264762
147137978
147119924
147760218
147125083
147636259
146601046
146691041
146009885
147402549
146878020
146981809
147295377
147339550
147208312
147353948
146880583
147236748
147149423
146313871
146946015
146846972
147743408
146938135
147126224
147092972
146395077
147240527
146973544
147910358
146701293
147684956
147401299
