158751615
159621522
159374406
158193266
159347661
157814440
158847890
159521291
159909038
159395357
158391353
159111889
158425048
157873703
158712370
159286621
159709953
159291381
158669831
158923588
158433566
157777255
158075424
158052413
159286498
160141338
158555486
158390772
159483286
158205251
158605494
158618108
158380743
159396081
157989358
158513298
158652798
158084576
158708239
158758243
158376905
159027743
158388322
158334680
158672115
157596405
159320663
158953012
158223948
158603949
157946472
158609496
158286911
158954561
158329563
159080258
159120687
158497188
158110010
158211449
158968116
158309210
158430883
158428445
158806060
159375324
159145239
159088267
158571908
157977617
158833569
159060330
158761587
158757064
157663277
158576327
157961632
159279847
158779768
158985427
158976619
158824058
158523569
159118040
159908732
158247684
158969160
158657942
158225723
159023077
158601147
158659266
158337496
159720821
159130159
158067187
158884862
159244296
158290197
158303525
159991073
